   1.10   1.815E-03  1.723E-02   66.98   
   1.20   1.896E-03  1.737E-02   71.52   
   1.30   1.973E-03  1.749E-02   76.01   
   1.40   2.047E-03  1.758E-02   80.48   
   1.50   2.119E-03  1.765E-02   84.92   
   1.60   2.189E-03  1.771E-02   89.33   
   1.70   2.256E-03  1.775E-02   93.73   
   1.80   2.322E-03  1.779E-02   98.11   
   2.00   2.447E-03  1.782E-02  106.83   
   2.25   2.596E-03  1.782E-02  117.68   
   2.50   2.736E-03  1.779E-02  128.50   
   2.75   2.870E-03  1.773E-02  139.29   
   3.00   2.997E-03  1.765E-02  150.09   
   3.25   3.119E-03  1.755E-02  160.88   
   3.50   3.237E-03  1.745E-02  171.69   
   3.75   3.351E-03  1.733E-02  182.52   
   4.00   3.461E-03  1.721E-02  193.36   
   4.50   3.671E-03  1.696E-02  215.14   
   5.00   3.869E-03  1.670E-02  237.04   
   5.50   4.058E-03  1.644E-02  259.07   
   6.00   4.239E-03  1.618E-02  281.23   
   6.50   4.412E-03  1.592E-02  303.54   
   7.00   4.578E-03  1.566E-02  325.99   
   8.00   4.894E-03  1.517E-02  371.31   
   9.00   5.191E-03  1.471E-02  417.17   
  10.00   5.472E-03  1.427E-02  463.54   
  11.00   5.739E-03  1.386E-02  510.38   
  12.00   5.994E-03  1.348E-02  557.65   
  13.00   6.239E-03  1.311E-02  605.33   
  14.00   6.474E-03  1.277E-02  653.37   
  15.00   6.702E-03  1.245E-02  701.76   
  16.00   6.922E-03  1.215E-02  750.44   
  17.00   7.135E-03  1.186E-02  799.41   
  18.00   7.341E-03  1.159E-02  848.62   
  20.00   7.738E-03  1.109E-02  947.72   
  22.50   8.208E-03  1.053E-02    1.07   
  25.00   8.652E-03  1.003E-02    1.20   
  27.50   9.074E-03  9.587E-03    1.32   
  30.00   9.478E-03  9.187E-03    1.45   
  32.50   9.680E-03  8.824E-03    1.58   
  35.00   9.978E-03  8.493E-03    1.71   
  37.50   1.032E-02  8.191E-03    1.84   
  40.00   1.068E-02  7.912E-03    1.96   
  45.00   1.140E-02  7.417E-03    2.22   
  50.00   1.204E-02  6.989E-03    2.47   
  55.00   1.260E-02  6.615E-03    2.72   
  60.00   1.309E-02  6.285E-03    2.97   
  65.00   1.350E-02  5.990E-03    3.22   
  70.00   1.386E-02  5.726E-03    3.46   
  80.00   1.444E-02  5.271E-03    3.96   
  90.00   1.490E-02  4.892E-03    4.45   
 100.00   1.529E-02  4.570E-03    4.94   
 110.00   1.565E-02  4.294E-03    5.43   
 120.00   1.599E-02  4.052E-03    5.91   
 130.00   1.633E-02  3.840E-03    6.40   
 140.00   1.668E-02  3.652E-03    6.88   
 150.00   1.704E-02  3.483E-03    7.36   
 160.00   1.741E-02  3.331E-03    7.83   
 170.00   1.780E-02  3.194E-03    8.30   
 180.00   1.820E-02  3.068E-03    8.77   
 200.00   1.904E-02  2.848E-03    9.68   
 225.00   2.017E-02  2.618E-03   10.78   
 250.00   2.134E-02  2.426E-03   11.83   
 275.00   2.254E-02  2.263E-03   12.85   
 300.00   2.375E-02  2.122E-03   13.82   
 325.00   2.495E-02  2.000E-03   14.76   
 350.00   2.615E-02  1.892E-03   15.66   
 375.00   2.735E-02  1.797E-03   16.52   
 400.00   2.853E-02  1.712E-03   17.35   
 450.00   3.090E-02  1.565E-03   18.93   
 500.00   3.330E-02  1.444E-03   20.41   
 550.00   3.575E-02  1.342E-03   21.79   
 600.00   3.825E-02  1.254E-03   23.09   
 650.00   4.079E-02  1.178E-03   24.31   
 700.00   4.337E-02  1.112E-03   25.46   
 800.00   4.854E-02  1.001E-03   27.57   
 900.00   5.366E-02  9.116E-04   29.48   
 1000.00    5.862E-02  8.382E-04   31.23   
 1000.10    6.337E-02  7.765E-04   32.84   
 1000.20    6.788E-02  7.240E-04   34.35   
 1000.30    7.212E-02  6.786E-04   35.76   
 1000.40    7.609E-02  6.390E-04   37.09   
 1000.50    7.979E-02  6.041E-04   38.36   
 1000.60    8.322E-02  5.732E-04   39.57   
 1000.70    8.639E-02  5.454E-04   40.74   
 1000.80    8.932E-02  5.205E-04   41.87   
 2000.00    9.451E-02  4.772E-04   44.03   
 2000.25    9.988E-02  4.330E-04   46.59   
 2000.50    1.042E-01  3.968E-04   49.03   
 2000.75    1.077E-01  3.665E-04   51.37   
 3000.00    1.105E-01  3.408E-04   53.65   
 3000.25    1.128E-01  3.187E-04   55.88   
 3000.50    1.146E-01  2.995E-04   58.07   
 3000.75    1.161E-01  2.826E-04   60.23   
 4000.00    1.173E-01  2.677E-04   62.37   
 4000.50    1.189E-01  2.423E-04   66.59   
 5000.00    1.199E-01  2.216E-04   70.77   
 5000.50    1.204E-01  2.044E-04   74.92   
 6000.00    1.206E-01  1.898E-04   79.06   
 6000.50    1.205E-01  1.772E-04   83.20   
 7000.00    1.202E-01  1.663E-04   87.35   
 8000.00    1.193E-01  1.483E-04   95.68   
 9000.00    1.179E-01  1.340E-04  104.10   
10000.00    1.163E-01  1.224E-04  112.63   
11000.00    1.146E-01  1.127E-04  121.28   
12000.00    1.127E-01  1.045E-04  130.07   
13000.00    1.108E-01  9.751E-05  139.01   
14000.00    1.089E-01  9.143E-05  148.11   
15000.00    1.069E-01  8.610E-05  157.37   
16000.00    1.050E-01  8.139E-05  166.80   
17000.00    1.031E-01  7.719E-05  176.40   
18000.00    1.012E-01  7.343E-05  186.19   
20000.00    9.748E-02  6.697E-05  206.31   
22000.50    9.308E-02  6.040E-05  232.55   
25000.00    8.895E-02  5.506E-05  260.01   
27000.50    8.509E-02  5.063E-05  288.74   
30000.00    8.150E-02  4.689E-05  318.75   
32000.50    7.876E-02  4.370E-05  349.94   
35000.00    7.564E-02  4.093E-05  382.32   
37000.50    7.264E-02  3.850E-05  416.04   
40000.00    7.003E-02  3.637E-05  451.08   
45000.00    6.532E-02  3.276E-05  524.99   
50000.00    6.120E-02  2.983E-05  604.06   