 ==================================================================
              SRIM version ---> SRIM-2013.00
              Calc. date   ---> avril 03, 2024 
 ==================================================================

 Disk File Name = SRIM Outputs\1H_He97_butane_700mbar.txt

 Ion = Hydrogen [1] , Mass = 1,008 amu

 Target Density =  1,6160E-04 g/cm3 = 2,4042E+19 atoms/cm3
 Target is a GAS 
 ======= Target  Composition ========
    Atom   Atom   Atomic    Mass     
    Name   Numb   Percent   Percent  
    ----   ----   -------   -------  
      H      1    021,58    005,37   
      C      6    008,63    025,61   
     He      2    069,79    069,01   
 ====================================
 Bragg Correction = -0,91%
 Stopping Units =  MeV / mm       
 See bottom of Table for other Stopping units 

        Ion        dE/dx      dE/dx     Projected  Longitudinal   Lateral
       Energy      Elec.      Nuclear     Range     Straggling   Straggling
  --------------  ---------- ---------- ----------  ----------  ----------
999,999 eV    1,582E-03  6,491E-04  270,63 um   146,83 um   122,54 um  
   1,10 keV   1,660E-03  6,172E-04  299,56 um   158,04 um   133,10 um  
   1,20 keV   1,734E-03  5,888E-04  328,45 um   168,77 um   143,37 um  
   1,30 keV   1,804E-03  5,634E-04  357,27 um   179,06 um   153,35 um  
   1,40 keV   1,872E-03  5,404E-04  385,98 um   188,91 um   163,05 um  
   1,50 keV   1,938E-03  5,195E-04  414,57 um   198,38 um   172,49 um  
   1,60 keV   2,002E-03  5,004E-04  443,03 um   207,46 um   181,68 um  
   1,70 keV   2,063E-03  4,829E-04  471,33 um   216,20 um   190,62 um  
   1,80 keV   2,123E-03  4,668E-04  499,47 um   224,61 um   199,33 um  
   2,00 keV   2,238E-03  4,380E-04  555,27 um   240,47 um   216,12 um  
   2,25 keV   2,423E-03  4,074E-04  623,38 um   258,56 um   235,81 um  
   2,50 keV   2,610E-03  3,813E-04  689,13 um   274,80 um   254,03 um  
   2,75 keV   2,796E-03  3,588E-04  752,54 um   289,41 um   270,87 um  
   3,00 keV   2,983E-03  3,391E-04  813,69 um   302,59 um   286,45 um  
   3,25 keV   3,171E-03  3,218E-04  872,67 um   314,51 um   300,89 um  
   3,50 keV   3,359E-03  3,063E-04  929,57 um   325,33 um   314,28 um  
   3,75 keV   3,548E-03  2,925E-04  984,47 um   335,16 um   326,72 um  
   4,00 keV   3,738E-03  2,800E-04    1,04 mm   344,13 um   338,29 um  
   4,50 keV   4,121E-03  2,584E-04    1,14 mm   359,89 um   359,17 um  
   5,00 keV   4,509E-03  2,402E-04    1,23 mm   373,19 um   377,41 um  
   5,50 keV   4,901E-03  2,247E-04    1,32 mm   384,51 um   393,47 um  
   6,00 keV   5,298E-03  2,113E-04    1,40 mm   394,23 um   407,67 um  
   6,50 keV   5,699E-03  1,996E-04    1,48 mm   402,62 um   420,31 um  
   7,00 keV   6,103E-03  1,892E-04    1,56 mm   409,93 um   431,60 um  
   8,00 keV   6,915E-03  1,717E-04    1,69 mm   422,12 um   450,90 um  
   9,00 keV   7,724E-03  1,575E-04    1,81 mm   431,70 um   466,75 um  
  10,00 keV   8,517E-03  1,457E-04    1,93 mm   439,41 um   480,00 um  
  11,00 keV   9,278E-03  1,357E-04    2,03 mm   445,72 um   491,24 um  
  12,00 keV   9,992E-03  1,271E-04    2,13 mm   451,00 um   500,94 um  
  13,00 keV   1,064E-02  1,196E-04    2,22 mm   455,49 um   509,42 um  
  14,00 keV   1,123E-02  1,130E-04    2,30 mm   459,38 um   516,93 um  
  15,00 keV   1,173E-02  1,072E-04    2,39 mm   462,80 um   523,69 um  
  16,00 keV   1,217E-02  1,020E-04    2,47 mm   465,86 um   529,82 um  
  17,00 keV   1,254E-02  9,735E-05    2,54 mm   468,61 um   535,46 um  
  18,00 keV   1,285E-02  9,314E-05    2,62 mm   471,13 um   540,67 um  
  20,00 keV   1,336E-02  8,580E-05    2,77 mm   475,81 um   550,12 um  
  22,50 keV   1,387E-02  7,823E-05    2,94 mm   480,96 um   560,49 um  
  25,00 keV   1,433E-02  7,199E-05    3,12 mm   485,42 um   569,65 um  
  27,50 keV   1,479E-02  6,675E-05    3,28 mm   489,34 um   577,85 um  
  30,00 keV   1,524E-02  6,228E-05    3,45 mm   492,83 um   585,26 um  
  32,50 keV   1,569E-02  5,841E-05    3,61 mm   495,96 um   592,02 um  
  35,00 keV   1,612E-02  5,504E-05    3,76 mm   498,80 um   598,22 um  
  37,50 keV   1,652E-02  5,206E-05    3,91 mm   501,38 um   603,95 um  
  40,00 keV   1,688E-02  4,942E-05    4,06 mm   503,76 um   609,28 um  
  45,00 keV   1,751E-02  4,491E-05    4,34 mm   508,81 um   618,95 um  
  50,00 keV   1,799E-02  4,121E-05    4,62 mm   513,30 um   627,60 um  
  55,00 keV   1,834E-02  3,812E-05    4,89 mm   517,37 um   635,47 um  
  60,00 keV   1,858E-02  3,549E-05    5,16 mm   521,14 um   642,74 um  
  65,00 keV   1,872E-02  3,322E-05    5,43 mm   524,68 um   649,54 um  
  70,00 keV   1,878E-02  3,125E-05    5,69 mm   528,05 um   655,97 um  
  80,00 keV   1,872E-02  2,797E-05    6,22 mm   537,03 um   668,03 um  
  90,00 keV   1,848E-02  2,535E-05    6,76 mm   545,70 um   679,32 um  
 100,00 keV   1,813E-02  2,321E-05    7,30 mm   554,27 um   690,15 um  
 110,00 keV   1,772E-02  2,143E-05    7,86 mm   562,85 um   700,69 um  
 120,00 keV   1,727E-02  1,991E-05    8,42 mm   571,55 um   711,08 um  
 130,00 keV   1,681E-02  1,861E-05    9,01 mm   580,43 um   721,43 um  
 140,00 keV   1,635E-02  1,748E-05    9,61 mm   589,53 um   731,81 um  
 150,00 keV   1,590E-02  1,649E-05   10,23 mm   598,91 um   742,28 um  
 160,00 keV   1,545E-02  1,561E-05   10,86 mm   608,57 um   752,89 um  
 170,00 keV   1,503E-02  1,483E-05   11,52 mm   618,54 um   763,68 um  
 180,00 keV   1,462E-02  1,412E-05   12,19 mm   628,85 um   774,69 um  
 200,00 keV   1,385E-02  1,291E-05   13,59 mm   665,35 um   797,47 um  
 225,00 keV   1,299E-02  1,167E-05   15,45 mm   722,94 um   827,59 um  
 250,00 keV   1,222E-02  1,066E-05   17,43 mm   782,93 um   859,78 um  
 275,00 keV   1,154E-02  9,821E-06   19,53 mm   845,26 um   894,22 um  
 300,00 keV   1,094E-02  9,111E-06   21,75 mm   909,82 um   931,05 um  
 325,00 keV   1,040E-02  8,503E-06   24,09 mm   976,52 um   970,36 um  
 350,00 keV   9,917E-03  7,975E-06   26,55 mm     1,05 mm     1,01 mm  
 375,00 keV   9,479E-03  7,512E-06   29,12 mm     1,12 mm     1,06 mm  
 400,00 keV   9,081E-03  7,103E-06   31,81 mm     1,19 mm     1,10 mm  
 450,00 keV   8,387E-03  6,411E-06   37,53 mm     1,46 mm     1,21 mm  
 500,00 keV   7,800E-03  5,849E-06   43,70 mm     1,71 mm     1,32 mm  
 550,00 keV   7,297E-03  5,382E-06   50,32 mm     1,97 mm     1,44 mm  
 600,00 keV   6,861E-03  4,988E-06   57,38 mm     2,23 mm     1,57 mm  
 650,00 keV   6,479E-03  4,650E-06   64,86 mm     2,49 mm     1,71 mm  
 700,00 keV   6,141E-03  4,357E-06   72,78 mm     2,75 mm     1,87 mm  
 800,00 keV   5,570E-03  3,875E-06   89,86 mm     3,70 mm     2,19 mm  
 900,00 keV   5,103E-03  3,493E-06  108,59 mm     4,59 mm     2,56 mm  
   1,00 MeV   4,714E-03  3,183E-06  128,96 mm     5,46 mm     2,95 mm  
   1,10 MeV   4,402E-03  2,926E-06  150,88 mm     6,32 mm     3,38 mm  
   1,20 MeV   4,094E-03  2,709E-06  174,41 mm     7,19 mm     3,84 mm  
   1,30 MeV   3,853E-03  2,524E-06  199,56 mm     8,07 mm     4,33 mm  
   1,40 MeV   3,645E-03  2,363E-06  226,21 mm     8,96 mm     4,85 mm  
   1,50 MeV   3,461E-03  2,223E-06  254,33 mm     9,86 mm     5,40 mm  
   1,60 MeV   3,296E-03  2,099E-06  283,90 mm    10,77 mm     5,97 mm  
   1,70 MeV   3,148E-03  1,989E-06  314,91 mm    11,70 mm     6,57 mm  
   1,80 MeV   3,013E-03  1,890E-06  347,34 mm    12,63 mm     7,20 mm  
   2,00 MeV   2,780E-03  1,721E-06  416,37 mm    16,09 mm     8,53 mm  
   2,25 MeV   2,539E-03  1,549E-06  510,39 mm    21,03 mm    10,33 mm  
   2,50 MeV   2,339E-03  1,410E-06  612,88 mm    25,70 mm    12,28 mm  
   2,75 MeV   2,172E-03  1,295E-06  723,69 mm    30,28 mm    14,39 mm  
   3,00 MeV   2,028E-03  1,197E-06  842,70 mm    34,83 mm    16,63 mm  
   3,25 MeV   1,904E-03  1,114E-06  969,80 mm    39,39 mm    19,02 mm  
   3,50 MeV   1,795E-03  1,043E-06    1,10 m     43,99 mm    21,55 mm  
   3,75 MeV   1,700E-03  9,801E-07    1,25 m     48,65 mm    24,22 mm  
   4,00 MeV   1,614E-03  9,248E-07    1,40 m     53,36 mm    27,02 mm  
   4,50 MeV   1,469E-03  8,318E-07    1,72 m     70,83 mm    33,04 mm  
   5,00 MeV   1,349E-03  7,564E-07    2,08 m     87,29 mm    39,58 mm  
   5,50 MeV   1,249E-03  6,941E-07    2,46 m    103,37 mm    46,64 mm  
   6,00 MeV   1,164E-03  6,416E-07    2,88 m    119,37 mm    54,20 mm  
   6,50 MeV   1,091E-03  5,969E-07    3,32 m    135,43 mm    62,27 mm  
   7,00 MeV   1,027E-03  5,581E-07    3,79 m    151,63 mm    70,83 mm  
   8,00 MeV   9,206E-04  4,946E-07    4,82 m    211,25 mm    89,41 mm  
   9,00 MeV   8,358E-04  4,445E-07    5,96 m    266,95 mm   109,89 mm  
  10,00 MeV   7,664E-04  4,039E-07    7,21 m    321,44 mm   132,23 mm  
  11,00 MeV   7,085E-04  3,704E-07    8,56 m    375,81 mm   156,39 mm  
  12,00 MeV   6,594E-04  3,423E-07   10,03 m    430,57 mm   182,33 mm  
  13,00 MeV   6,173E-04  3,182E-07   11,59 m    485,99 mm   210,04 mm  
  14,00 MeV   5,806E-04  2,974E-07   13,26 m    542,23 mm   239,48 mm  
  15,00 MeV   5,484E-04  2,793E-07   15,03 m    599,37 mm   270,62 mm  
  16,00 MeV   5,199E-04  2,634E-07   16,90 m    657,46 mm   303,44 mm  
  17,00 MeV   4,944E-04  2,492E-07   18,87 m    716,52 mm   337,91 mm  
  18,00 MeV   4,716E-04  2,365E-07   20,94 m    776,56 mm   374,03 mm  
  20,00 MeV   4,323E-04  2,148E-07   25,37 m      1,00 m    451,13 mm  
  22,50 MeV   3,922E-04  1,929E-07   31,44 m      1,33 m    556,39 mm  
  25,00 MeV   3,595E-04  1,752E-07   38,09 m      1,63 m    671,27 mm  
  27,50 MeV   3,323E-04  1,605E-07   45,32 m      1,93 m    795,55 mm  
  30,00 MeV   3,094E-04  1,482E-07   53,11 m      2,23 m    928,99 mm  
  32,50 MeV   2,897E-04  1,377E-07   61,46 m      2,53 m      1,07 m   
  35,00 MeV   2,727E-04  1,287E-07   70,34 m      2,84 m      1,22 m   
  37,50 MeV   2,577E-04  1,208E-07   79,77 m      3,14 m      1,38 m   
  40,00 MeV   2,445E-04  1,138E-07   89,72 m      3,45 m      1,55 m   
  45,00 MeV   2,223E-04  1,022E-07  111,15 m      4,62 m      1,91 m   
  50,00 MeV   2,041E-04  9,272E-08  134,61 m      5,70 m      2,31 m   
  55,00 MeV   1,891E-04  8,493E-08  160,05 m      6,77 m      2,73 m   
  60,00 MeV   1,765E-04  7,839E-08  187,40 m      7,82 m      3,18 m   
  65,00 MeV   1,656E-04  7,282E-08  216,62 m      8,87 m      3,67 m   
  70,00 MeV   1,563E-04  6,801E-08  247,68 m      9,92 m      4,18 m   
  80,00 MeV   1,408E-04  6,012E-08  315,06 m     13,81 m      5,28 m   
  90,00 MeV   1,287E-04  5,393E-08  389,30 m     17,40 m      6,49 m   
 100,00 MeV   1,188E-04  4,892E-08  470,14 m     20,88 m      7,79 m   
-----------------------------------------------------------
 Multiply Stopping by        for Stopping Units
 -------------------        ------------------
  1,0000E-01                 eV / Angstrom 
  1,0000E+00                keV / micron   
  1,0000E+00                MeV / mm       
  6,1883E+01                keV / (ug/cm2) 
  6,1883E+01                MeV / (mg/cm2) 
  6,1883E+04                keV / (mg/cm2) 
  4,1594E+02                 eV / (1E15 atoms/cm2)
  1,8866E+02                L.S.S. reduced units
 ==================================================================
 (C) 1984,1989,1992,1998,2008 by J.P. Biersack and J.F. Ziegler
