 ==================================================================
              SRIM version ---> SRIM-2013.00
              Calc. date   ---> avril 03, 2024 
 ==================================================================

 Disk File Name = SRIM Outputs\1H_He97_butane_900mbar.txt

 Ion = Hydrogen [1] , Mass = 1,008 amu

 Target Density =  2,0780E-04 g/cm3 = 3,0915E+19 atoms/cm3
 Target is a GAS 
 ======= Target  Composition ========
    Atom   Atom   Atomic    Mass     
    Name   Numb   Percent   Percent  
    ----   ----   -------   -------  
      H      1    021,58    005,37   
      C      6    008,63    025,61   
     He      2    069,79    069,01   
 ====================================
 Bragg Correction = -0,91%
 Stopping Units =  MeV / mm       
 See bottom of Table for other Stopping units 

        Ion        dE/dx      dE/dx     Projected  Longitudinal   Lateral
       Energy      Elec.      Nuclear     Range     Straggling   Straggling
  --------------  ---------- ---------- ----------  ----------  ----------
999,999 eV    2,035E-03  8,346E-04  210,46 um   114,19 um    95,30 um  
   1,10 keV   2,134E-03  7,937E-04  232,96 um   122,90 um   103,51 um  
   1,20 keV   2,229E-03  7,572E-04  255,43 um   131,25 um   111,49 um  
   1,30 keV   2,320E-03  7,244E-04  277,84 um   139,25 um   119,25 um  
   1,40 keV   2,408E-03  6,949E-04  300,17 um   146,91 um   126,80 um  
   1,50 keV   2,492E-03  6,680E-04  322,40 um   154,27 um   134,14 um  
   1,60 keV   2,574E-03  6,435E-04  344,53 um   161,34 um   141,29 um  
   1,70 keV   2,653E-03  6,210E-04  366,54 um   168,13 um   148,24 um  
   1,80 keV   2,730E-03  6,003E-04  388,42 um   174,67 um   155,02 um  
   2,00 keV   2,878E-03  5,633E-04  431,81 um   187,01 um   168,07 um  
   2,25 keV   3,115E-03  5,238E-04  484,78 um   201,08 um   183,39 um  
   2,50 keV   3,356E-03  4,903E-04  535,92 um   213,71 um   197,55 um  
   2,75 keV   3,596E-03  4,613E-04  585,23 um   225,07 um   210,65 um  
   3,00 keV   3,836E-03  4,361E-04  632,78 um   235,32 um   222,77 um  
   3,25 keV   4,077E-03  4,138E-04  678,65 um   244,59 um   233,99 um  
   3,50 keV   4,319E-03  3,939E-04  722,90 um   253,00 um   244,40 um  
   3,75 keV   4,562E-03  3,762E-04  765,60 um   260,65 um   254,08 um  
   4,00 keV   4,806E-03  3,601E-04  806,82 um   267,62 um   263,08 um  
   4,50 keV   5,299E-03  3,323E-04  885,12 um   279,88 um   279,31 um  
   5,00 keV   5,798E-03  3,089E-04  958,34 um   290,22 um   293,50 um  
   5,50 keV   6,302E-03  2,890E-04    1,03 mm   299,02 um   305,99 um  
   6,00 keV   6,813E-03  2,717E-04    1,09 mm   306,58 um   317,03 um  
   6,50 keV   7,328E-03  2,566E-04    1,15 mm   313,11 um   326,86 um  
   7,00 keV   7,847E-03  2,433E-04    1,21 mm   318,79 um   335,64 um  
   8,00 keV   8,892E-03  2,208E-04    1,32 mm   328,27 um   350,65 um  
   9,00 keV   9,932E-03  2,025E-04    1,41 mm   335,72 um   362,98 um  
  10,00 keV   1,095E-02  1,873E-04    1,50 mm   341,71 um   373,28 um  
  11,00 keV   1,193E-02  1,744E-04    1,58 mm   346,62 um   382,03 um  
  12,00 keV   1,285E-02  1,634E-04    1,65 mm   350,73 um   389,56 um  
  13,00 keV   1,369E-02  1,538E-04    1,72 mm   354,22 um   396,16 um  
  14,00 keV   1,444E-02  1,453E-04    1,79 mm   357,25 um   402,00 um  
  15,00 keV   1,509E-02  1,379E-04    1,86 mm   359,91 um   407,25 um  
  16,00 keV   1,565E-02  1,312E-04    1,92 mm   362,28 um   412,03 um  
  17,00 keV   1,612E-02  1,252E-04    1,98 mm   364,43 um   416,41 um  
  18,00 keV   1,653E-02  1,198E-04    2,04 mm   366,38 um   420,47 um  
  20,00 keV   1,718E-02  1,103E-04    2,15 mm   370,02 um   427,81 um  
  22,50 keV   1,783E-02  1,006E-04    2,29 mm   374,03 um   435,88 um  
  25,00 keV   1,843E-02  9,257E-05    2,42 mm   377,50 um   443,00 um  
  27,50 keV   1,902E-02  8,583E-05    2,55 mm   380,55 um   449,38 um  
  30,00 keV   1,960E-02  8,008E-05    2,68 mm   383,26 um   455,14 um  
  32,50 keV   2,018E-02  7,512E-05    2,80 mm   385,70 um   460,40 um  
  35,00 keV   2,073E-02  7,077E-05    2,92 mm   387,90 um   465,22 um  
  37,50 keV   2,124E-02  6,695E-05    3,04 mm   389,91 um   469,67 um  
  40,00 keV   2,171E-02  6,354E-05    3,16 mm   391,76 um   473,82 um  
  45,00 keV   2,251E-02  5,775E-05    3,38 mm   395,69 um   481,34 um  
  50,00 keV   2,314E-02  5,299E-05    3,59 mm   399,18 um   488,07 um  
  55,00 keV   2,359E-02  4,901E-05    3,81 mm   402,35 um   494,19 um  
  60,00 keV   2,389E-02  4,563E-05    4,01 mm   405,28 um   499,84 um  
  65,00 keV   2,407E-02  4,272E-05    4,22 mm   408,03 um   505,13 um  
  70,00 keV   2,415E-02  4,018E-05    4,43 mm   410,65 um   510,13 um  
  80,00 keV   2,407E-02  3,596E-05    4,84 mm   417,63 um   519,50 um  
  90,00 keV   2,376E-02  3,260E-05    5,25 mm   424,38 um   528,29 um  
 100,00 keV   2,331E-02  2,985E-05    5,68 mm   431,04 um   536,71 um  
 110,00 keV   2,278E-02  2,755E-05    6,11 mm   437,71 um   544,90 um  
 120,00 keV   2,221E-02  2,561E-05    6,55 mm   444,48 um   552,99 um  
 130,00 keV   2,162E-02  2,394E-05    7,01 mm   451,38 um   561,03 um  
 140,00 keV   2,103E-02  2,248E-05    7,47 mm   458,46 um   569,10 um  
 150,00 keV   2,044E-02  2,120E-05    7,95 mm   465,75 um   577,25 um  
 160,00 keV   1,987E-02  2,007E-05    8,45 mm   473,27 um   585,50 um  
 170,00 keV   1,932E-02  1,907E-05    8,96 mm   481,02 um   593,89 um  
 180,00 keV   1,879E-02  1,816E-05    9,48 mm   489,04 um   602,46 um  
 200,00 keV   1,781E-02  1,660E-05   10,57 mm   517,43 um   620,17 um  
 225,00 keV   1,670E-02  1,501E-05   12,02 mm   562,21 um   643,59 um  
 250,00 keV   1,572E-02  1,371E-05   13,56 mm   608,86 um   668,62 um  
 275,00 keV   1,484E-02  1,263E-05   15,19 mm   657,33 um   695,41 um  
 300,00 keV   1,407E-02  1,172E-05   16,92 mm   707,54 um   724,05 um  
 325,00 keV   1,338E-02  1,093E-05   18,73 mm   759,41 um   754,62 um  
 350,00 keV   1,275E-02  1,025E-05   20,64 mm   812,85 um   787,17 um  
 375,00 keV   1,219E-02  9,659E-06   22,65 mm   867,79 um   821,72 um  
 400,00 keV   1,168E-02  9,133E-06   24,74 mm   924,15 um   858,30 um  
 450,00 keV   1,078E-02  8,244E-06   29,19 mm     1,13 mm   937,55 um  
 500,00 keV   1,003E-02  7,521E-06   33,99 mm     1,33 mm     1,02 mm  
 550,00 keV   9,383E-03  6,921E-06   39,13 mm     1,53 mm     1,12 mm  
 600,00 keV   8,823E-03  6,414E-06   44,62 mm     1,73 mm     1,22 mm  
 650,00 keV   8,332E-03  5,979E-06   50,44 mm     1,94 mm     1,33 mm  
 700,00 keV   7,897E-03  5,603E-06   56,60 mm     2,14 mm     1,45 mm  
 800,00 keV   7,162E-03  4,983E-06   69,88 mm     2,88 mm     1,71 mm  
 900,00 keV   6,562E-03  4,492E-06   84,45 mm     3,57 mm     1,99 mm  
   1,00 MeV   6,062E-03  4,093E-06  100,29 mm     4,25 mm     2,30 mm  
   1,10 MeV   5,661E-03  3,763E-06  117,34 mm     4,92 mm     2,63 mm  
   1,20 MeV   5,265E-03  3,484E-06  135,63 mm     5,59 mm     2,99 mm  
   1,30 MeV   4,955E-03  3,245E-06  155,19 mm     6,28 mm     3,37 mm  
   1,40 MeV   4,687E-03  3,039E-06  175,92 mm     6,97 mm     3,77 mm  
   1,50 MeV   4,450E-03  2,858E-06  197,78 mm     7,67 mm     4,20 mm  
   1,60 MeV   4,238E-03  2,699E-06  220,78 mm     8,38 mm     4,64 mm  
   1,70 MeV   4,048E-03  2,557E-06  244,90 mm     9,10 mm     5,11 mm  
   1,80 MeV   3,875E-03  2,430E-06  270,12 mm     9,82 mm     5,60 mm  
   2,00 MeV   3,575E-03  2,213E-06  323,80 mm    12,51 mm     6,63 mm  
   2,25 MeV   3,264E-03  1,992E-06  396,92 mm    16,35 mm     8,03 mm  
   2,50 MeV   3,008E-03  1,813E-06  476,62 mm    19,99 mm     9,55 mm  
   2,75 MeV   2,792E-03  1,665E-06  562,80 mm    23,55 mm    11,19 mm  
   3,00 MeV   2,608E-03  1,540E-06  655,35 mm    27,08 mm    12,93 mm  
   3,25 MeV   2,448E-03  1,433E-06  754,18 mm    30,63 mm    14,79 mm  
   3,50 MeV   2,309E-03  1,341E-06  859,23 mm    34,21 mm    16,76 mm  
   3,75 MeV   2,185E-03  1,260E-06  970,42 mm    37,83 mm    18,83 mm  
   4,00 MeV   2,076E-03  1,189E-06    1,09 m     41,50 mm    21,02 mm  
   4,50 MeV   1,889E-03  1,070E-06    1,34 m     55,08 mm    25,69 mm  
   5,00 MeV   1,735E-03  9,727E-07    1,62 m     67,88 mm    30,78 mm  
   5,50 MeV   1,606E-03  8,925E-07    1,92 m     80,39 mm    36,27 mm  
   6,00 MeV   1,497E-03  8,251E-07    2,24 m     92,83 mm    42,15 mm  
   6,50 MeV   1,403E-03  7,675E-07    2,58 m    105,32 mm    48,43 mm  
   7,00 MeV   1,320E-03  7,177E-07    2,95 m    117,92 mm    55,08 mm  
   8,00 MeV   1,184E-03  6,360E-07    3,75 m    164,28 mm    69,53 mm  
   9,00 MeV   1,075E-03  5,716E-07    4,63 m    207,60 mm    85,46 mm  
  10,00 MeV   9,855E-04  5,194E-07    5,61 m    249,98 mm   102,83 mm  
  11,00 MeV   9,111E-04  4,763E-07    6,66 m    292,26 mm   121,62 mm  
  12,00 MeV   8,480E-04  4,401E-07    7,80 m    334,84 mm   141,80 mm  
  13,00 MeV   7,937E-04  4,092E-07    9,01 m    377,94 mm   163,34 mm  
  14,00 MeV   7,466E-04  3,825E-07   10,31 m    421,68 mm   186,23 mm  
  15,00 MeV   7,052E-04  3,592E-07   11,69 m    466,11 mm   210,45 mm  
  16,00 MeV   6,685E-04  3,386E-07   13,15 m    511,29 mm   235,97 mm  
  17,00 MeV   6,358E-04  3,204E-07   14,68 m    557,22 mm   262,79 mm  
  18,00 MeV   6,064E-04  3,041E-07   16,29 m    603,91 mm   290,87 mm  
  20,00 MeV   5,558E-04  2,762E-07   19,73 m    779,53 mm   350,83 mm  
  22,50 MeV   5,043E-04  2,480E-07   24,45 m      1,03 m    432,69 mm  
  25,00 MeV   4,623E-04  2,252E-07   29,62 m      1,27 m    522,03 mm  
  27,50 MeV   4,274E-04  2,064E-07   35,24 m      1,50 m    618,67 mm  
  30,00 MeV   3,978E-04  1,906E-07   41,30 m      1,74 m    722,45 mm  
  32,50 MeV   3,726E-04  1,771E-07   47,79 m      1,97 m    833,19 mm  
  35,00 MeV   3,506E-04  1,655E-07   54,70 m      2,21 m    950,76 mm  
  37,50 MeV   3,314E-04  1,553E-07   62,03 m      2,45 m      1,08 m   
  40,00 MeV   3,144E-04  1,464E-07   69,77 m      2,69 m      1,21 m   
  45,00 MeV   2,858E-04  1,314E-07   86,44 m      3,59 m      1,49 m   
  50,00 MeV   2,625E-04  1,192E-07  104,69 m      4,44 m      1,79 m   
  55,00 MeV   2,432E-04  1,092E-07  124,46 m      5,26 m      2,12 m   
  60,00 MeV   2,269E-04  1,008E-07  145,73 m      6,08 m      2,48 m   
  65,00 MeV   2,130E-04  9,363E-08  168,46 m      6,90 m      2,85 m   
  70,00 MeV   2,009E-04  8,745E-08  192,62 m      7,72 m      3,25 m   
  80,00 MeV   1,811E-04  7,731E-08  245,01 m     10,74 m      4,11 m   
  90,00 MeV   1,655E-04  6,934E-08  302,75 m     13,53 m      5,04 m   
 100,00 MeV   1,528E-04  6,291E-08  365,62 m     16,24 m      6,06 m   
-----------------------------------------------------------
 Multiply Stopping by        for Stopping Units
 -------------------        ------------------
  1,0000E-01                 eV / Angstrom 
  1,0000E+00                keV / micron   
  1,0000E+00                MeV / mm       
  4,8125E+01                keV / (ug/cm2) 
  4,8125E+01                MeV / (mg/cm2) 
  4,8125E+04                keV / (mg/cm2) 
  3,2347E+02                 eV / (1E15 atoms/cm2)
  1,4671E+02                L.S.S. reduced units
 ==================================================================
 (C) 1984,1989,1992,1998,2008 by J.P. Biersack and J.F. Ziegler
