 ==================================================================
              SRIM version ---> SRIM-2013.00
              Calc. date   ---> marzo 15, 2024 
 ==================================================================

 Disk File Name = SRIM Outputs\20Ne_butane_110mbar.txt

 Ion = Neon [10] , Mass = 19,99244 amu

 Target Density =  2,6000E-04 g/cm3 = 3,7714E+19 atoms/cm3
 Target is a GAS 
 ======= Target  Composition ========
    Atom   Atom   Atomic    Mass     
    Name   Numb   Percent   Percent  
    ----   ----   -------   -------  
      H      1    071,43    017,34   
      C      6    028,57    082,66   
 ====================================
 Bragg Correction = 3,72%
 Stopping Units =  MeV / mm       
 See bottom of Table for other Stopping units 

        Ion        dE/dx      dE/dx     Projected  Longitudinal   Lateral
       Energy      Elec.      Nuclear     Range     Straggling   Straggling
  --------------  ---------- ---------- ----------  ----------  ----------
999,999 eV    6,977E-03  5,388E-02   20,38 um     7,26 um     5,52 um  
   1,10 keV   7,318E-03  5,501E-02   21,69 um     7,66 um     5,83 um  
   1,20 keV   7,643E-03  5,602E-02   22,98 um     8,04 um     6,14 um  
   1,30 keV   7,955E-03  5,692E-02   24,25 um     8,42 um     6,43 um  
   1,40 keV   8,256E-03  5,773E-02   25,50 um     8,79 um     6,72 um  
   1,50 keV   8,545E-03  5,846E-02   26,73 um     9,15 um     7,00 um  
   1,60 keV   8,826E-03  5,912E-02   27,95 um     9,50 um     7,28 um  
   1,70 keV   9,097E-03  5,972E-02   29,15 um     9,85 um     7,55 um  
   1,80 keV   9,361E-03  6,027E-02   30,35 um    10,19 um     7,81 um  
   2,00 keV   9,867E-03  6,123E-02   32,70 um    10,86 um     8,34 um  
   2,25 keV   1,047E-02  6,221E-02   35,59 um    11,67 um     8,97 um  
   2,50 keV   1,103E-02  6,301E-02   38,43 um    12,46 um     9,58 um  
   2,75 keV   1,157E-02  6,366E-02   41,23 um    13,24 um    10,18 um  
   3,00 keV   1,208E-02  6,419E-02   44,01 um    14,00 um    10,77 um  
   3,25 keV   1,258E-02  6,462E-02   46,75 um    14,74 um    11,34 um  
   3,50 keV   1,305E-02  6,497E-02   49,47 um    15,47 um    11,90 um  
   3,75 keV   1,351E-02  6,525E-02   52,17 um    16,19 um    12,45 um  
   4,00 keV   1,395E-02  6,547E-02   54,85 um    16,90 um    13,00 um  
   4,50 keV   1,480E-02  6,576E-02   60,18 um    18,30 um    14,06 um  
   5,00 keV   1,560E-02  6,590E-02   65,45 um    19,67 um    15,11 um  
   5,50 keV   1,636E-02  6,592E-02   70,69 um    21,02 um    16,12 um  
   6,00 keV   1,709E-02  6,586E-02   75,91 um    22,34 um    17,12 um  
   6,50 keV   1,779E-02  6,572E-02   81,09 um    23,64 um    18,11 um  
   7,00 keV   1,846E-02  6,553E-02   86,27 um    24,92 um    19,07 um  
   8,00 keV   1,973E-02  6,503E-02   96,57 um    27,44 um    20,97 um  
   9,00 keV   2,093E-02  6,441E-02  106,84 um    29,91 um    22,83 um  
  10,00 keV   2,206E-02  6,372E-02  117,09 um    32,33 um    24,66 um  
  11,00 keV   2,314E-02  6,299E-02  127,33 um    34,70 um    26,45 um  
  12,00 keV   2,417E-02  6,224E-02  137,57 um    37,03 um    28,22 um  
  13,00 keV   2,516E-02  6,147E-02  147,81 um    39,33 um    29,96 um  
  14,00 keV   2,611E-02  6,069E-02  158,06 um    41,59 um    31,69 um  
  15,00 keV   2,702E-02  5,992E-02  168,31 um    43,81 um    33,40 um  
  16,00 keV   2,791E-02  5,916E-02  178,57 um    46,01 um    35,10 um  
  17,00 keV   2,877E-02  5,841E-02  188,84 um    48,17 um    36,78 um  
  18,00 keV   2,960E-02  5,767E-02  199,12 um    50,31 um    38,45 um  
  20,00 keV   3,120E-02  5,623E-02  219,72 um    54,53 um    41,76 um  
  22,50 keV   3,309E-02  5,453E-02  245,51 um    59,67 um    45,83 um  
  25,00 keV   3,488E-02  5,292E-02  271,35 um    64,65 um    49,86 um  
  27,50 keV   3,659E-02  5,140E-02  297,23 um    69,49 um    53,83 um  
  30,00 keV   3,821E-02  4,998E-02  323,13 um    74,20 um    57,76 um  
  32,50 keV   3,977E-02  4,864E-02  349,05 um    78,77 um    61,64 um  
  35,00 keV   4,127E-02  4,738E-02  374,96 um    83,22 um    65,48 um  
  37,50 keV   4,272E-02  4,619E-02  400,86 um    87,56 um    69,28 um  
  40,00 keV   4,414E-02  4,507E-02  426,74 um    91,78 um    73,04 um  
  45,00 keV   4,986E-02  4,301E-02  477,52 um    99,79 um    80,41 um  
  50,00 keV   5,413E-02  4,116E-02  526,83 um   107,08 um    87,52 um  
  55,00 keV   5,742E-02  3,948E-02  575,27 um   113,89 um    94,37 um  
  60,00 keV   6,004E-02  3,796E-02  623,20 um   120,32 um   100,99 um  
  65,00 keV   6,218E-02  3,657E-02  670,83 um   126,46 um   107,41 um  
  70,00 keV   6,398E-02  3,530E-02  718,27 um   132,36 um   113,64 um  
  80,00 keV   6,692E-02  3,304E-02  812,96 um   143,84 um   125,68 um  
  90,00 keV   6,933E-02  3,110E-02  907,49 um   154,61 um   137,23 um  
 100,00 keV   7,147E-02  2,940E-02    1,00 mm   164,81 um   148,36 um  
 110,00 keV   7,349E-02  2,791E-02    1,10 mm   174,49 um   159,13 um  
 120,00 keV   7,546E-02  2,659E-02    1,19 mm   183,69 um   169,57 um  
 130,00 keV   7,743E-02  2,540E-02    1,28 mm   192,45 um   179,72 um  
 140,00 keV   7,941E-02  2,434E-02    1,38 mm   200,80 um   189,57 um  
 150,00 keV   8,142E-02  2,337E-02    1,47 mm   208,76 um   199,15 um  
 160,00 keV   8,344E-02  2,248E-02    1,56 mm   216,34 um   208,45 um  
 170,00 keV   8,548E-02  2,168E-02    1,65 mm   223,57 um   217,49 um  
 180,00 keV   8,754E-02  2,093E-02    1,74 mm   230,47 um   226,28 um  
 200,00 keV   9,168E-02  1,961E-02    1,92 mm   243,91 um   243,11 um  
 225,00 keV   9,684E-02  1,820E-02    2,13 mm   259,38 um   262,84 um  
 250,00 keV   1,020E-01  1,700E-02    2,34 mm   273,21 um   281,20 um  
 275,00 keV   1,070E-01  1,598E-02    2,54 mm   285,64 um   298,31 um  
 300,00 keV   1,120E-01  1,508E-02    2,73 mm   296,88 um   314,28 um  
 325,00 keV   1,169E-01  1,429E-02    2,92 mm   307,07 um   329,21 um  
 350,00 keV   1,217E-01  1,359E-02    3,11 mm   316,38 um   343,20 um  
 375,00 keV   1,264E-01  1,296E-02    3,29 mm   324,90 um   356,32 um  
 400,00 keV   1,311E-01  1,240E-02    3,46 mm   332,73 um   368,67 um  
 450,00 keV   1,402E-01  1,142E-02    3,79 mm   348,17 um   391,26 um  
 500,00 keV   1,489E-01  1,060E-02    4,11 mm   361,47 um   411,47 um  
 550,00 keV   1,572E-01  9,905E-03    4,41 mm   373,05 um   429,66 um  
 600,00 keV   1,652E-01  9,303E-03    4,70 mm   383,28 um   446,16 um  
 650,00 keV   1,727E-01  8,778E-03    4,98 mm   392,38 um   461,22 um  
 700,00 keV   1,800E-01  8,315E-03    5,24 mm   400,57 um   475,03 um  
 800,00 keV   1,936E-01  7,534E-03    5,75 mm   417,76 um   499,58 um  
 900,00 keV   2,063E-01  6,901E-03    6,23 mm   432,18 um   520,82 um  
   1,00 MeV   2,182E-01  6,375E-03    6,68 mm   444,53 um   539,47 um  
   1,10 MeV   2,295E-01  5,930E-03    7,12 mm   455,26 um   556,02 um  
   1,20 MeV   2,403E-01  5,549E-03    7,53 mm   464,73 um   570,86 um  
   1,30 MeV   2,508E-01  5,219E-03    7,92 mm   473,15 um   584,27 um  
   1,40 MeV   2,609E-01  4,929E-03    8,31 mm   480,71 um   596,47 um  
   1,50 MeV   2,709E-01  4,672E-03    8,67 mm   487,55 um   607,63 um  
   1,60 MeV   2,806E-01  4,443E-03    9,03 mm   493,78 um   617,89 um  
   1,70 MeV   2,901E-01  4,237E-03    9,37 mm   499,48 um   627,36 um  
   1,80 MeV   2,994E-01  4,052E-03    9,70 mm   504,72 um   636,15 um  
   2,00 MeV   3,175E-01  3,729E-03   10,34 mm   517,95 um   651,95 um  
   2,25 MeV   3,391E-01  3,397E-03   11,09 mm   534,12 um   669,00 um  
   2,50 MeV   3,596E-01  3,123E-03   11,80 mm   547,89 um   683,71 um  
   2,75 MeV   3,788E-01  2,893E-03   12,47 mm   559,82 um   696,58 um  
   3,00 MeV   3,966E-01  2,698E-03   13,11 mm   570,34 um   707,98 um  
   3,25 MeV   4,132E-01  2,529E-03   13,72 mm   579,74 um   718,19 um  
   3,50 MeV   4,284E-01  2,381E-03   14,31 mm   588,24 um   727,41 um  
   3,75 MeV   4,423E-01  2,252E-03   14,88 mm   596,01 um   735,83 um  
   4,00 MeV   4,549E-01  2,136E-03   15,43 mm   603,18 um   743,56 um  
   4,50 MeV   4,767E-01  1,940E-03   16,50 mm   625,28 um   757,37 um  
   5,00 MeV   4,944E-01  1,779E-03   17,53 mm   644,81 um   769,47 um  
   5,50 MeV   5,084E-01  1,644E-03   18,52 mm   662,50 um   780,27 um  
   6,00 MeV   5,195E-01  1,530E-03   19,49 mm   678,80 um   790,07 um  
   6,50 MeV   5,281E-01  1,431E-03   20,44 mm   694,06 um   799,08 um  
   7,00 MeV   5,346E-01  1,346E-03   21,37 mm   708,51 um   807,44 um  
   8,00 MeV   5,427E-01  1,204E-03   23,23 mm   758,53 um   822,70 um  
   9,00 MeV   5,460E-01  1,090E-03   25,06 mm   804,35 um   836,49 um  
  10,00 MeV   5,460E-01  9,978E-04   26,88 mm   847,33 um   849,24 um  
  11,00 MeV   5,437E-01  9,207E-04   28,72 mm   888,30 um   861,21 um  
  12,00 MeV   5,399E-01  8,553E-04   30,56 mm   927,81 um   872,61 um  
  13,00 MeV   5,351E-01  7,991E-04   32,41 mm   966,25 um   883,56 um  
  14,00 MeV   5,294E-01  7,503E-04   34,29 mm     1,00 mm   894,18 um  
  15,00 MeV   5,232E-01  7,075E-04   36,19 mm     1,04 mm   904,54 um  
  16,00 MeV   5,167E-01  6,695E-04   38,11 mm     1,08 mm   914,70 um  
  17,00 MeV   5,098E-01  6,357E-04   40,05 mm     1,11 mm   924,72 um  
  18,00 MeV   5,028E-01  6,053E-04   42,03 mm     1,15 mm   934,64 um  
  20,00 MeV   4,884E-01  5,530E-04   46,06 mm     1,29 mm   954,31 um  
  22,50 MeV   4,704E-01  4,997E-04   51,27 mm     1,49 mm   978,86 um  
  25,00 MeV   4,528E-01  4,563E-04   56,68 mm     1,67 mm     1,00 mm  
  27,50 MeV   4,359E-01  4,202E-04   62,30 mm     1,86 mm     1,03 mm  
  30,00 MeV   4,199E-01  3,897E-04   68,14 mm     2,03 mm     1,05 mm  
  32,50 MeV   4,047E-01  3,636E-04   74,20 mm     2,21 mm     1,08 mm  
  35,00 MeV   3,905E-01  3,409E-04   80,48 mm     2,39 mm     1,11 mm  
  37,50 MeV   3,772E-01  3,211E-04   86,99 mm     2,56 mm     1,14 mm  
  40,00 MeV   3,647E-01  3,035E-04   93,73 mm     2,73 mm     1,17 mm  
  45,00 MeV   3,431E-01  2,738E-04  107,85 mm     3,39 mm     1,23 mm  
  50,00 MeV   3,216E-01  2,497E-04  122,90 mm     4,01 mm     1,29 mm  
  55,00 MeV   3,053E-01  2,297E-04  138,85 mm     4,60 mm     1,36 mm  
  60,00 MeV   2,909E-01  2,128E-04  155,62 mm     5,18 mm     1,44 mm  
  65,00 MeV   2,780E-01  1,984E-04  173,19 mm     5,75 mm     1,52 mm  
  70,00 MeV   2,664E-01  1,858E-04  191,56 mm     6,32 mm     1,60 mm  
  80,00 MeV   2,462E-01  1,652E-04  230,59 mm     8,40 mm     1,78 mm  
  90,00 MeV   2,294E-01  1,489E-04  272,66 mm    10,30 mm     1,98 mm  
 100,00 MeV   2,150E-01  1,356E-04  317,68 mm    12,12 mm     2,19 mm  
 110,00 MeV   2,025E-01  1,246E-04  365,60 mm    13,90 mm     2,41 mm  
 120,00 MeV   1,915E-01  1,154E-04  416,38 mm    15,65 mm     2,65 mm  
 130,00 MeV   1,817E-01  1,075E-04  469,98 mm    17,40 mm     2,90 mm  
 140,00 MeV   1,729E-01  1,006E-04  526,39 mm    19,15 mm     3,17 mm  
 150,00 MeV   1,649E-01  9,461E-05  585,61 mm    20,91 mm     3,45 mm  
 160,00 MeV   1,576E-01  8,932E-05  647,62 mm    22,69 mm     3,74 mm  
 170,00 MeV   1,509E-01  8,462E-05  712,44 mm    24,48 mm     4,04 mm  
 180,00 MeV   1,448E-01  8,041E-05  780,07 mm    26,30 mm     4,36 mm  
 200,00 MeV   1,337E-01  7,318E-05  923,80 mm    33,26 mm     5,02 mm  
 225,00 MeV   1,220E-01  6,586E-05    1,12 m     43,31 mm     5,93 mm  
 250,00 MeV   1,119E-01  5,993E-05    1,33 m     52,87 mm     6,92 mm  
 275,00 MeV   1,033E-01  5,501E-05    1,57 m     62,29 mm     7,98 mm  
 300,00 MeV   9,579E-02  5,088E-05    1,82 m     71,76 mm     9,13 mm  
 325,00 MeV   8,927E-02  4,735E-05    2,09 m     81,34 mm    10,36 mm  
 350,00 MeV   8,356E-02  4,429E-05    2,38 m     91,10 mm    11,68 mm  
 375,00 MeV   7,856E-02  4,162E-05    2,69 m    101,05 mm    13,08 mm  
 400,00 MeV   7,417E-02  3,927E-05    3,01 m    111,21 mm    14,57 mm  
 450,00 MeV   6,693E-02  3,531E-05    3,72 m    149,91 mm    17,80 mm  
 500,00 MeV   6,135E-02  3,211E-05    4,50 m    186,25 mm    21,34 mm  
 550,00 MeV   5,710E-02  2,946E-05    5,35 m    221,37 mm    25,18 mm  
 600,00 MeV   5,392E-02  2,722E-05    6,25 m    255,53 mm    29,27 mm  
 650,00 MeV   5,050E-02  2,532E-05    7,21 m    289,34 mm    33,60 mm  
 700,00 MeV   4,753E-02  2,368E-05    8,23 m    323,45 mm    38,20 mm  
 800,00 MeV   4,263E-02  2,097E-05   10,45 m    451,23 mm    48,16 mm  
 900,00 MeV   3,874E-02  1,885E-05   12,91 m    570,13 mm    59,13 mm  
   1,00 GeV   3,558E-02  1,712E-05   15,60 m    685,99 mm    71,08 mm  
-----------------------------------------------------------
 Multiply Stopping by        for Stopping Units
 -------------------        ------------------
  1,0000E-01                 eV / Angstrom 
  1,0000E+00                keV / micron   
  1,0000E+00                MeV / mm       
  3,8463E+01                keV / (ug/cm2) 
  3,8463E+01                MeV / (mg/cm2) 
  3,8463E+04                keV / (mg/cm2) 
  2,6515E+02                 eV / (1E15 atoms/cm2)
  3,9570E+00                L.S.S. reduced units
 ==================================================================
 (C) 1984,1989,1992,1998,2008 by J.P. Biersack and J.F. Ziegler
