 ==================================================================
              SRIM version ---> SRIM-2013.00
              Calc. date   ---> avril 03, 2024 
 ==================================================================

 Disk File Name = SRIM Outputs\4He_He97_butane_900mbar.txt

 Ion = Helium [2] , Mass = 4,003 amu

 Target Density =  2,0780E-04 g/cm3 = 3,0915E+19 atoms/cm3
 Target is a GAS 
 ======= Target  Composition ========
    Atom   Atom   Atomic    Mass     
    Name   Numb   Percent   Percent  
    ----   ----   -------   -------  
      H      1    021,58    005,37   
      C      6    008,63    025,61   
     He      2    069,79    069,01   
 ====================================
 Bragg Correction = 3,27%
 Stopping Units =  MeV / mm       
 See bottom of Table for other Stopping units 

        Ion        dE/dx      dE/dx     Projected  Longitudinal   Lateral
       Energy      Elec.      Nuclear     Range     Straggling   Straggling
  --------------  ---------- ---------- ----------  ----------  ----------
999,999 eV    2,484E-03  6,251E-03   81,96 um    35,49 um    25,41 um  
   1,10 keV   2,605E-03  6,073E-03   90,63 um    38,67 um    27,78 um  
   1,20 keV   2,721E-03  5,906E-03   99,41 um    41,83 um    30,16 um  
   1,30 keV   2,832E-03  5,749E-03  108,28 um    44,97 um    32,56 um  
   1,40 keV   2,939E-03  5,602E-03  117,26 um    48,08 um    34,96 um  
   1,50 keV   3,042E-03  5,463E-03  126,31 um    51,16 um    37,37 um  
   1,60 keV   3,141E-03  5,332E-03  135,45 um    54,21 um    39,78 um  
   1,70 keV   3,238E-03  5,208E-03  144,66 um    57,24 um    42,20 um  
   1,80 keV   3,332E-03  5,090E-03  153,93 um    60,24 um    44,63 um  
   2,00 keV   3,512E-03  4,873E-03  172,67 um    66,14 um    49,49 um  
   2,25 keV   3,725E-03  4,631E-03  196,38 um    73,37 um    55,58 um  
   2,50 keV   3,927E-03  4,416E-03  220,34 um    80,42 um    61,65 um  
   2,75 keV   4,118E-03  4,223E-03  244,50 um    87,29 um    67,70 um  
   3,00 keV   4,302E-03  4,050E-03  268,81 um    93,99 um    73,71 um  
   3,25 keV   4,477E-03  3,892E-03  293,23 um   100,50 um    79,67 um  
   3,50 keV   4,646E-03  3,748E-03  317,73 um   106,85 um    85,58 um  
   3,75 keV   4,809E-03  3,617E-03  342,28 um   113,03 um    91,43 um  
   4,00 keV   4,967E-03  3,495E-03  366,86 um   119,05 um    97,22 um  
   4,50 keV   5,268E-03  3,280E-03  416,04 um   130,64 um   108,61 um  
   5,00 keV   5,553E-03  3,093E-03  465,10 um   141,65 um   119,72 um  
   5,50 keV   5,824E-03  2,930E-03  513,97 um   152,09 um   130,53 um  
   6,00 keV   6,083E-03  2,785E-03  562,56 um   162,03 um   141,05 um  
   6,50 keV   6,332E-03  2,656E-03  610,83 um   171,48 um   151,27 um  
   7,00 keV   6,571E-03  2,541E-03  658,73 um   180,48 um   161,19 um  
   8,00 keV   7,024E-03  2,341E-03  753,39 um   197,39 um   180,24 um  
   9,00 keV   7,468E-03  2,175E-03  846,27 um   212,82 um   198,20 um  
  10,00 keV   7,891E-03  2,033E-03  937,24 um   226,93 um   215,15 um  
  11,00 keV   8,296E-03  1,911E-03    1,03 mm   239,89 um   231,16 um  
  12,00 keV   8,687E-03  1,805E-03    1,11 mm   251,83 um   246,30 um  
  13,00 keV   9,064E-03  1,711E-03    1,20 mm   262,88 um   260,64 um  
  14,00 keV   9,430E-03  1,628E-03    1,28 mm   273,13 um   274,24 um  
  15,00 keV   9,785E-03  1,554E-03    1,36 mm   282,67 um   287,15 um  
  16,00 keV   1,013E-02  1,486E-03    1,44 mm   291,57 um   299,44 um  
  17,00 keV   1,047E-02  1,426E-03    1,52 mm   299,90 um   311,14 um  
  18,00 keV   1,080E-02  1,370E-03    1,60 mm   307,71 um   322,30 um  
  20,00 keV   1,144E-02  1,273E-03    1,75 mm   322,24 um   343,17 um  
  22,50 keV   1,220E-02  1,171E-03    1,93 mm   338,34 um   366,84 um  
  25,00 keV   1,293E-02  1,085E-03    2,10 mm   352,41 um   388,22 um  
  27,50 keV   1,364E-02  1,013E-03    2,27 mm   364,83 um   407,67 um  
  30,00 keV   1,431E-02  9,505E-04    2,43 mm   375,88 um   425,44 um  
  32,50 keV   1,497E-02  8,961E-04    2,58 mm   385,79 um   441,78 um  
  35,00 keV   1,560E-02  8,482E-04    2,73 mm   394,74 um   456,86 um  
  37,50 keV   1,622E-02  8,056E-04    2,87 mm   402,87 um   470,84 um  
  40,00 keV   1,681E-02  7,676E-04    3,01 mm   410,29 um   483,85 um  
  45,00 keV   1,802E-02  7,023E-04    3,28 mm   424,09 um   507,35 um  
  50,00 keV   1,934E-02  6,482E-04    3,53 mm   435,77 um   527,94 um  
  55,00 keV   2,051E-02  6,025E-04    3,77 mm   445,76 um   546,13 um  
  60,00 keV   2,161E-02  5,634E-04    3,99 mm   454,47 um   562,40 um  
  65,00 keV   2,263E-02  5,295E-04    4,21 mm   462,15 um   577,06 um  
  70,00 keV   2,360E-02  4,998E-04    4,41 mm   468,99 um   590,39 um  
  80,00 keV   2,539E-02  4,502E-04    4,81 mm   482,27 um   613,81 um  
  90,00 keV   2,701E-02  4,102E-04    5,18 mm   493,34 um   633,86 um  
 100,00 keV   2,848E-02  3,773E-04    5,53 mm   502,81 um   651,34 um  
 110,00 keV   2,983E-02  3,497E-04    5,86 mm   511,05 um   666,79 um  
 120,00 keV   3,111E-02  3,261E-04    6,18 mm   518,32 um   680,62 um  
 130,00 keV   3,233E-02  3,057E-04    6,49 mm   524,81 um   693,10 um  
 140,00 keV   3,351E-02  2,880E-04    6,79 mm   530,66 um   704,45 um  
 150,00 keV   3,466E-02  2,723E-04    7,08 mm   535,96 um   714,85 um  
 160,00 keV   3,579E-02  2,584E-04    7,36 mm   540,79 um   724,41 um  
 170,00 keV   3,689E-02  2,459E-04    7,63 mm   545,23 um   733,25 um  
 180,00 keV   3,797E-02  2,347E-04    7,89 mm   549,31 um   741,45 um  
 200,00 keV   4,007E-02  2,153E-04    8,40 mm   558,87 um   756,23 um  
 225,00 keV   4,253E-02  1,954E-04    9,00 mm   570,39 um   772,23 um  
 250,00 keV   4,482E-02  1,791E-04    9,56 mm   580,30 um   786,10 um  
 275,00 keV   4,696E-02  1,655E-04   10,11 mm   589,00 um   798,29 um  
 300,00 keV   4,890E-02  1,539E-04   10,62 mm   596,74 um   809,15 um  
 325,00 keV   5,065E-02  1,440E-04   11,12 mm   603,73 um   818,93 um  
 350,00 keV   5,221E-02  1,353E-04   11,61 mm   610,11 um   827,83 um  
 375,00 keV   5,359E-02  1,277E-04   12,08 mm   616,01 um   835,99 um  
 400,00 keV   5,481E-02  1,210E-04   12,53 mm   621,51 um   843,55 um  
 450,00 keV   5,677E-02  1,095E-04   13,43 mm   637,83 um   857,19 um  
 500,00 keV   5,819E-02  1,002E-04   14,29 mm   652,66 um   869,32 um  
 550,00 keV   5,915E-02  9,241E-05   15,14 mm   666,43 um   880,33 um  
 600,00 keV   5,974E-02  8,582E-05   15,98 mm   679,45 um   890,47 um  
 650,00 keV   6,003E-02  8,016E-05   16,81 mm   691,94 um   899,95 um  
 700,00 keV   6,007E-02  7,525E-05   17,64 mm   704,05 um   908,90 um  
 800,00 keV   5,961E-02  6,712E-05   19,31 mm   746,41 um   925,65 um  
 900,00 keV   5,800E-02  6,066E-05   21,01 mm   787,66 um   941,41 um  
   1,00 MeV   5,615E-02  5,540E-05   22,76 mm   829,01 um   956,66 um  
   1,10 MeV   5,422E-02  5,103E-05   24,57 mm   870,91 um   971,69 um  
   1,20 MeV   5,228E-02  4,733E-05   26,44 mm   913,66 um   986,67 um  
   1,30 MeV   5,037E-02  4,416E-05   28,39 mm   957,44 um     1,00 mm  
   1,40 MeV   4,854E-02  4,141E-05   30,41 mm     1,00 mm     1,02 mm  
   1,50 MeV   4,679E-02  3,900E-05   32,51 mm     1,05 mm     1,03 mm  
   1,60 MeV   4,512E-02  3,687E-05   34,68 mm     1,10 mm     1,05 mm  
   1,70 MeV   4,360E-02  3,498E-05   36,93 mm     1,14 mm     1,07 mm  
   1,80 MeV   4,217E-02  3,328E-05   39,26 mm     1,19 mm     1,08 mm  
   2,00 MeV   3,955E-02  3,035E-05   44,16 mm     1,39 mm     1,12 mm  
   2,25 MeV   3,669E-02  2,738E-05   50,71 mm     1,68 mm     1,17 mm  
   2,50 MeV   3,423E-02  2,496E-05   57,76 mm     1,96 mm     1,22 mm  
   2,75 MeV   3,210E-02  2,296E-05   65,30 mm     2,24 mm     1,27 mm  
   3,00 MeV   3,023E-02  2,126E-05   73,32 mm     2,52 mm     1,34 mm  
   3,25 MeV   2,859E-02  1,982E-05   81,82 mm     2,80 mm     1,40 mm  
   3,50 MeV   2,712E-02  1,856E-05   90,79 mm     3,08 mm     1,47 mm  
   3,75 MeV   2,581E-02  1,746E-05  100,23 mm     3,36 mm     1,55 mm  
   4,00 MeV   2,463E-02  1,650E-05  110,14 mm     3,65 mm     1,63 mm  
   4,50 MeV   2,259E-02  1,486E-05  131,33 mm     4,74 mm     1,81 mm  
   5,00 MeV   2,088E-02  1,354E-05  154,33 mm     5,77 mm     2,00 mm  
   5,50 MeV   1,943E-02  1,244E-05  179,14 mm     6,77 mm     2,22 mm  
   6,00 MeV   1,818E-02  1,151E-05  205,73 mm     7,76 mm     2,45 mm  
   6,50 MeV   1,709E-02  1,072E-05  234,09 mm     8,75 mm     2,71 mm  
   7,00 MeV   1,613E-02  1,003E-05  264,19 mm     9,75 mm     2,98 mm  
   8,00 MeV   1,452E-02  8,907E-06  329,51 mm    13,47 mm     3,57 mm  
   9,00 MeV   1,330E-02  8,017E-06  401,44 mm    16,92 mm     4,22 mm  
  10,00 MeV   1,218E-02  7,295E-06  479,97 mm    20,28 mm     4,94 mm  
  11,00 MeV   1,131E-02  6,698E-06  565,15 mm    23,63 mm     5,72 mm  
  12,00 MeV   1,056E-02  6,195E-06  656,64 mm    26,99 mm     6,55 mm  
  13,00 MeV   9,910E-03  5,765E-06  754,37 mm    30,37 mm     7,44 mm  
  14,00 MeV   9,343E-03  5,393E-06  858,25 mm    33,80 mm     8,39 mm  
  15,00 MeV   8,842E-03  5,069E-06  968,23 mm    37,26 mm     9,39 mm  
  16,00 MeV   8,397E-03  4,782E-06    1,08 m     40,78 mm    10,44 mm  
  17,00 MeV   7,998E-03  4,528E-06    1,21 m     44,34 mm    11,54 mm  
  18,00 MeV   7,638E-03  4,301E-06    1,33 m     47,96 mm    12,70 mm  
  20,00 MeV   7,014E-03  3,911E-06    1,61 m     61,72 mm    15,16 mm  
  22,50 MeV   6,374E-03  3,516E-06    1,98 m     81,44 mm    18,52 mm  
  25,00 MeV   5,850E-03  3,196E-06    2,39 m    100,09 mm    22,18 mm  
  27,50 MeV   5,411E-03  2,932E-06    2,83 m    118,37 mm    26,14 mm  
  30,00 MeV   5,038E-03  2,710E-06    3,31 m    136,57 mm    30,39 mm  
  32,50 MeV   4,717E-03  2,520E-06    3,83 m    154,84 mm    34,93 mm  
  35,00 MeV   4,438E-03  2,356E-06    4,37 m    173,28 mm    39,75 mm  
  37,50 MeV   4,192E-03  2,213E-06    4,95 m    191,93 mm    44,85 mm  
  40,00 MeV   3,975E-03  2,087E-06    5,56 m    210,83 mm    50,23 mm  
  45,00 MeV   3,606E-03  1,875E-06    6,88 m    282,19 mm    61,80 mm  
  50,00 MeV   3,304E-03  1,703E-06    8,33 m    349,24 mm    74,43 mm  
  55,00 MeV   3,053E-03  1,561E-06    9,91 m    414,73 mm    88,11 mm  
  60,00 MeV   2,841E-03  1,442E-06   11,60 m    479,84 mm   102,80 mm  
  65,00 MeV   2,658E-03  1,341E-06   13,42 m    545,14 mm   118,51 mm  
  70,00 MeV   2,500E-03  1,253E-06   15,36 m    610,99 mm   135,20 mm  
  80,00 MeV   2,237E-03  1,109E-06   19,59 m    856,42 mm   171,50 mm  
  90,00 MeV   2,029E-03  9,956E-07   24,28 m      1,09 m    211,60 mm  
 100,00 MeV   1,860E-03  9,040E-07   29,43 m      1,31 m    255,38 mm  
-----------------------------------------------------------
 Multiply Stopping by        for Stopping Units
 -------------------        ------------------
  1,0000E-01                 eV / Angstrom 
  1,0000E+00                keV / micron   
  1,0000E+00                MeV / mm       
  4,8125E+01                keV / (ug/cm2) 
  4,8125E+01                MeV / (mg/cm2) 
  4,8125E+04                keV / (mg/cm2) 
  3,2347E+02                 eV / (1E15 atoms/cm2)
  3,2506E+01                L.S.S. reduced units
 ==================================================================
 (C) 1984,1989,1992,1998,2008 by J.P. Biersack and J.F. Ziegler
