 ==================================================================
              SRIM version ---> SRIM-2013.00
              Calc. date   ---> mars 26, 2024 
 ==================================================================

 Disk File Name = SRIM Outputs\4He_He95_butane_600mbar.txt

 Ion = Helium [2] , Mass = 4,003 amu

 Target Density =  1,6510E-04 g/cm3 = 2,4452E+19 atoms/cm3
 Target is a GAS 
 ======= Target  Composition ========
    Atom   Atom   Atomic    Mass     
    Name   Numb   Percent   Percent  
    ----   ----   -------   -------  
     He      2    057,58    056,68   
      H      1    030,30    007,51   
      C      6    012,12    035,80   
 ====================================
 Bragg Correction = 3,27%
 Stopping Units =  MeV / mm       
 See bottom of Table for other Stopping units 

        Ion        dE/dx      dE/dx     Projected  Longitudinal   Lateral
       Energy      Elec.      Nuclear     Range     Straggling   Straggling
  --------------  ---------- ---------- ----------  ----------  ----------
999,999 eV    2,016E-03  5,002E-03  101,57 um    44,92 um    32,47 um  
   1,10 keV   2,114E-03  4,865E-03  112,20 um    48,93 um    35,47 um  
   1,20 keV   2,208E-03  4,736E-03  122,96 um    52,91 um    38,49 um  
   1,30 keV   2,299E-03  4,614E-03  133,83 um    56,86 um    41,51 um  
   1,40 keV   2,385E-03  4,499E-03  144,82 um    60,78 um    44,54 um  
   1,50 keV   2,469E-03  4,391E-03  155,90 um    64,67 um    47,57 um  
   1,60 keV   2,550E-03  4,288E-03  167,07 um    68,52 um    50,62 um  
   1,70 keV   2,629E-03  4,191E-03  178,33 um    72,33 um    53,66 um  
   1,80 keV   2,705E-03  4,099E-03  189,66 um    76,12 um    56,71 um  
   2,00 keV   2,851E-03  3,929E-03  212,55 um    83,57 um    62,83 um  
   2,25 keV   3,024E-03  3,738E-03  241,50 um    92,68 um    70,48 um  
   2,50 keV   3,188E-03  3,568E-03  270,73 um   101,58 um    78,10 um  
   2,75 keV   3,343E-03  3,416E-03  300,20 um   110,26 um    85,69 um  
   3,00 keV   3,492E-03  3,278E-03  329,84 um   118,72 um    93,22 um  
   3,25 keV   3,634E-03  3,153E-03  359,62 um   126,96 um   100,69 um  
   3,50 keV   3,772E-03  3,039E-03  389,48 um   134,99 um   108,10 um  
   3,75 keV   3,904E-03  2,934E-03  419,41 um   142,81 um   115,43 um  
   4,00 keV   4,032E-03  2,837E-03  449,36 um   150,43 um   122,68 um  
   4,50 keV   4,277E-03  2,665E-03  509,30 um   165,11 um   136,96 um  
   5,00 keV   4,508E-03  2,515E-03  569,11 um   179,05 um   150,88 um  
   5,50 keV   4,728E-03  2,384E-03  628,67 um   192,31 um   164,43 um  
   6,00 keV   4,938E-03  2,268E-03  687,91 um   204,92 um   177,62 um  
   6,50 keV   5,140E-03  2,165E-03  746,77 um   216,93 um   190,44 um  
   7,00 keV   5,334E-03  2,072E-03  805,19 um   228,39 um   202,90 um  
   8,00 keV   5,702E-03  1,911E-03  920,66 um   249,90 um   226,81 um  
   9,00 keV   6,060E-03  1,777E-03    1,03 mm   269,55 um   249,40 um  
  10,00 keV   6,402E-03  1,662E-03    1,15 mm   287,56 um   270,73 um  
  11,00 keV   6,729E-03  1,563E-03    1,25 mm   304,13 um   290,90 um  
  12,00 keV   7,044E-03  1,477E-03    1,36 mm   319,42 um   310,00 um  
  13,00 keV   7,348E-03  1,401E-03    1,46 mm   333,58 um   328,10 um  
  14,00 keV   7,643E-03  1,334E-03    1,57 mm   346,74 um   345,28 um  
  15,00 keV   7,928E-03  1,273E-03    1,67 mm   359,01 um   361,62 um  
  16,00 keV   8,206E-03  1,219E-03    1,77 mm   370,46 um   377,17 um  
  17,00 keV   8,477E-03  1,169E-03    1,86 mm   381,19 um   392,00 um  
  18,00 keV   8,742E-03  1,124E-03    1,96 mm   391,27 um   406,16 um  
  20,00 keV   9,253E-03  1,045E-03    2,14 mm   410,00 um   432,67 um  
  22,50 keV   9,863E-03  9,615E-04    2,36 mm   430,80 um   462,80 um  
  25,00 keV   1,044E-02  8,919E-04    2,57 mm   449,02 um   490,08 um  
  27,50 keV   1,100E-02  8,328E-04    2,78 mm   465,14 um   514,93 um  
  30,00 keV   1,154E-02  7,818E-04    2,97 mm   479,53 um   537,70 um  
  32,50 keV   1,205E-02  7,373E-04    3,16 mm   492,46 um   558,67 um  
  35,00 keV   1,255E-02  6,981E-04    3,35 mm   504,16 um   578,07 um  
  37,50 keV   1,303E-02  6,633E-04    3,52 mm   514,81 um   596,09 um  
  40,00 keV   1,349E-02  6,321E-04    3,70 mm   524,56 um   612,89 um  
  45,00 keV   1,445E-02  5,786E-04    4,03 mm   542,65 um   643,30 um  
  50,00 keV   1,555E-02  5,342E-04    4,34 mm   557,95 um   669,98 um  
  55,00 keV   1,651E-02  4,968E-04    4,63 mm   571,03 um   693,56 um  
  60,00 keV   1,739E-02  4,647E-04    4,91 mm   582,42 um   714,64 um  
  65,00 keV   1,822E-02  4,368E-04    5,18 mm   592,47 um   733,68 um  
  70,00 keV   1,900E-02  4,124E-04    5,44 mm   601,43 um   750,99 um  
  80,00 keV   2,044E-02  3,716E-04    5,92 mm   618,65 um   781,43 um  
  90,00 keV   2,175E-02  3,387E-04    6,38 mm   633,00 um   807,52 um  
 100,00 keV   2,296E-02  3,117E-04    6,82 mm   645,25 um   830,26 um  
 110,00 keV   2,408E-02  2,889E-04    7,23 mm   655,90 um   850,36 um  
 120,00 keV   2,513E-02  2,695E-04    7,63 mm   665,28 um   868,34 um  
 130,00 keV   2,614E-02  2,527E-04    8,01 mm   673,63 um   884,56 um  
 140,00 keV   2,711E-02  2,381E-04    8,38 mm   681,15 um   899,31 um  
 150,00 keV   2,806E-02  2,252E-04    8,73 mm   687,95 um   912,81 um  
 160,00 keV   2,898E-02  2,137E-04    9,08 mm   694,15 um   925,22 um  
 170,00 keV   2,987E-02  2,034E-04    9,41 mm   699,83 um   936,70 um  
 180,00 keV   3,075E-02  1,942E-04    9,74 mm   705,07 um   947,35 um  
 200,00 keV   3,242E-02  1,781E-04   10,36 mm   717,09 um   966,55 um  
 225,00 keV   3,438E-02  1,617E-04   11,10 mm   731,50 um   987,37 um  
 250,00 keV   3,620E-02  1,483E-04   11,81 mm   743,93 um     1,01 mm  
 275,00 keV   3,789E-02  1,370E-04   12,48 mm   754,83 um     1,02 mm  
 300,00 keV   3,944E-02  1,275E-04   13,12 mm   764,54 um     1,04 mm  
 325,00 keV   4,083E-02  1,192E-04   13,74 mm   773,31 um     1,05 mm  
 350,00 keV   4,207E-02  1,121E-04   14,33 mm   781,33 um     1,06 mm  
 375,00 keV   4,318E-02  1,058E-04   14,92 mm   788,73 um     1,07 mm  
 400,00 keV   4,415E-02  1,002E-04   15,49 mm   795,63 um     1,08 mm  
 450,00 keV   4,574E-02  9,077E-05   16,59 mm   815,77 um     1,10 mm  
 500,00 keV   4,690E-02  8,305E-05   17,67 mm   834,06 um     1,11 mm  
 550,00 keV   4,771E-02  7,661E-05   18,72 mm   851,02 um     1,13 mm  
 600,00 keV   4,823E-02  7,116E-05   19,76 mm   867,03 um     1,14 mm  
 650,00 keV   4,851E-02  6,648E-05   20,79 mm   882,36 um     1,15 mm  
 700,00 keV   4,859E-02  6,241E-05   21,82 mm   897,19 um     1,17 mm  
 800,00 keV   4,834E-02  5,568E-05   23,88 mm   948,47 um     1,19 mm  
 900,00 keV   4,694E-02  5,033E-05   25,97 mm   998,48 um     1,21 mm  
   1,00 MeV   4,538E-02  4,597E-05   28,14 mm     1,05 mm     1,23 mm  
   1,10 MeV   4,375E-02  4,235E-05   30,38 mm     1,10 mm     1,25 mm  
   1,20 MeV   4,213E-02  3,928E-05   32,70 mm     1,15 mm     1,27 mm  
   1,30 MeV   4,056E-02  3,666E-05   35,12 mm     1,21 mm     1,29 mm  
   1,40 MeV   3,904E-02  3,438E-05   37,63 mm     1,26 mm     1,31 mm  
   1,50 MeV   3,760E-02  3,238E-05   40,24 mm     1,32 mm     1,33 mm  
   1,60 MeV   3,623E-02  3,061E-05   42,94 mm     1,38 mm     1,35 mm  
   1,70 MeV   3,500E-02  2,904E-05   45,75 mm     1,44 mm     1,37 mm  
   1,80 MeV   3,384E-02  2,763E-05   48,65 mm     1,50 mm     1,39 mm  
   2,00 MeV   3,172E-02  2,520E-05   54,75 mm     1,74 mm     1,44 mm  
   2,25 MeV   2,942E-02  2,274E-05   62,93 mm     2,10 mm     1,50 mm  
   2,50 MeV   2,745E-02  2,073E-05   71,72 mm     2,45 mm     1,57 mm  
   2,75 MeV   2,573E-02  1,907E-05   81,12 mm     2,80 mm     1,65 mm  
   3,00 MeV   2,424E-02  1,767E-05   91,12 mm     3,15 mm     1,73 mm  
   3,25 MeV   2,292E-02  1,646E-05  101,72 mm     3,50 mm     1,82 mm  
   3,50 MeV   2,175E-02  1,542E-05  112,91 mm     3,85 mm     1,91 mm  
   3,75 MeV   2,070E-02  1,451E-05  124,69 mm     4,20 mm     2,01 mm  
   4,00 MeV   1,976E-02  1,371E-05  137,04 mm     4,57 mm     2,12 mm  
   4,50 MeV   1,812E-02  1,235E-05  163,45 mm     5,92 mm     2,36 mm  
   5,00 MeV   1,676E-02  1,125E-05  192,12 mm     7,20 mm     2,62 mm  
   5,50 MeV   1,560E-02  1,034E-05  223,04 mm     8,45 mm     2,90 mm  
   6,00 MeV   1,459E-02  9,570E-06  256,16 mm     9,68 mm     3,21 mm  
   6,50 MeV   1,372E-02  8,912E-06  291,48 mm    10,92 mm     3,54 mm  
   7,00 MeV   1,295E-02  8,343E-06  328,97 mm    12,17 mm     3,90 mm  
   8,00 MeV   1,166E-02  7,407E-06  410,32 mm    16,80 mm     4,68 mm  
   9,00 MeV   1,068E-02  6,667E-06  499,92 mm    21,09 mm     5,54 mm  
  10,00 MeV   9,772E-03  6,067E-06  597,79 mm    25,29 mm     6,48 mm  
  11,00 MeV   9,073E-03  5,571E-06  703,95 mm    29,47 mm     7,51 mm  
  12,00 MeV   8,475E-03  5,153E-06  817,95 mm    33,65 mm     8,61 mm  
  13,00 MeV   7,957E-03  4,796E-06  939,68 mm    37,87 mm     9,78 mm  
  14,00 MeV   7,503E-03  4,487E-06    1,07 m     42,13 mm    11,02 mm  
  15,00 MeV   7,102E-03  4,217E-06    1,21 m     46,45 mm    12,34 mm  
  16,00 MeV   6,746E-03  3,979E-06    1,35 m     50,83 mm    13,72 mm  
  17,00 MeV   6,426E-03  3,768E-06    1,50 m     55,27 mm    15,17 mm  
  18,00 MeV   6,138E-03  3,578E-06    1,66 m     59,77 mm    16,69 mm  
  20,00 MeV   5,638E-03  3,254E-06    2,00 m     76,89 mm    19,93 mm  
  22,50 MeV   5,125E-03  2,926E-06    2,47 m    101,40 mm    24,34 mm  
  25,00 MeV   4,704E-03  2,660E-06    2,98 m    124,60 mm    29,15 mm  
  27,50 MeV   4,352E-03  2,440E-06    3,53 m    147,32 mm    34,35 mm  
  30,00 MeV   4,053E-03  2,255E-06    4,12 m    169,94 mm    39,93 mm  
  32,50 MeV   3,796E-03  2,097E-06    4,76 m    192,65 mm    45,88 mm  
  35,00 MeV   3,571E-03  1,961E-06    5,44 m    215,57 mm    52,21 mm  
  37,50 MeV   3,374E-03  1,842E-06    6,16 m    238,75 mm    58,90 mm  
  40,00 MeV   3,199E-03  1,737E-06    6,92 m    262,23 mm    65,95 mm  
  45,00 MeV   2,903E-03  1,561E-06    8,56 m    350,85 mm    81,11 mm  
  50,00 MeV   2,661E-03  1,418E-06   10,36 m    434,12 mm    97,67 mm  
  55,00 MeV   2,459E-03  1,300E-06   12,31 m    515,45 mm   115,59 mm  
  60,00 MeV   2,288E-03  1,201E-06   14,42 m    596,29 mm   134,85 mm  
  65,00 MeV   2,141E-03  1,116E-06   16,68 m    677,39 mm   155,43 mm  
  70,00 MeV   2,013E-03  1,043E-06   19,09 m    759,15 mm   177,29 mm  
  80,00 MeV   1,803E-03  9,235E-07   24,33 m      1,06 m    224,84 mm  
  90,00 MeV   1,635E-03  8,292E-07   30,16 m      1,35 m    277,34 mm  
 100,00 MeV   1,499E-03  7,529E-07   36,54 m      1,62 m    334,66 mm  
-----------------------------------------------------------
 Multiply Stopping by        for Stopping Units
 -------------------        ------------------
  1,0000E-01                 eV / Angstrom 
  1,0000E+00                keV / micron   
  1,0000E+00                MeV / mm       
  6,0571E+01                keV / (ug/cm2) 
  6,0571E+01                MeV / (mg/cm2) 
  6,0571E+04                keV / (mg/cm2) 
  4,0897E+02                 eV / (1E15 atoms/cm2)
  4,0370E+01                L.S.S. reduced units
 ==================================================================
 (C) 1984,1989,1992,1998,2008 by J.P. Biersack and J.F. Ziegler
