 ==================================================================
              SRIM version ---> SRIM-2013.00
              Calc. date   ---> marzo 26, 2024 
 ==================================================================

 Disk File Name = SRIM Outputs\4He_He97_butane_500mbar.txt

 Ion = Helium [2] , Mass = 4,003 amu

 Target Density =  1,1540E-04 g/cm3 = 1,7168E+19 atoms/cm3
 Target is a GAS 
 ======= Target  Composition ========
    Atom   Atom   Atomic    Mass     
    Name   Numb   Percent   Percent  
    ----   ----   -------   -------  
      H      1    021,58    005,37   
      C      6    008,63    025,61   
     He      2    069,79    069,01   
 ====================================
 Bragg Correction = 3,27%
 Stopping Units =  MeV / mm       
 See bottom of Table for other Stopping units 

        Ion        dE/dx      dE/dx     Projected  Longitudinal   Lateral
       Energy      Elec.      Nuclear     Range     Straggling   Straggling
  --------------  ---------- ---------- ----------  ----------  ----------
999,999 eV    1,379E-03  3,471E-03  147,58 um    63,91 um    45,76 um  
   1,10 keV   1,447E-03  3,373E-03  163,19 um    69,64 um    50,03 um  
   1,20 keV   1,511E-03  3,280E-03  179,00 um    75,33 um    54,32 um  
   1,30 keV   1,573E-03  3,193E-03  194,99 um    80,97 um    58,63 um  
   1,40 keV   1,632E-03  3,111E-03  211,14 um    86,57 um    62,95 um  
   1,50 keV   1,689E-03  3,034E-03  227,45 um    92,12 um    67,29 um  
   1,60 keV   1,745E-03  2,961E-03  243,90 um    97,62 um    71,63 um  
   1,70 keV   1,798E-03  2,892E-03  260,49 um   103,07 um    75,99 um  
   1,80 keV   1,850E-03  2,827E-03  277,19 um   108,47 um    80,36 um  
   2,00 keV   1,950E-03  2,706E-03  310,93 um   119,11 um    89,12 um  
   2,25 keV   2,069E-03  2,572E-03  353,62 um   132,12 um   100,08 um  
   2,50 keV   2,181E-03  2,452E-03  396,77 um   144,81 um   111,02 um  
   2,75 keV   2,287E-03  2,345E-03  440,27 um   157,19 um   121,91 um  
   3,00 keV   2,389E-03  2,249E-03  484,05 um   169,24 um   132,72 um  
   3,25 keV   2,486E-03  2,161E-03  528,02 um   180,98 um   143,46 um  
   3,50 keV   2,580E-03  2,082E-03  572,14 um   192,41 um   154,10 um  
   3,75 keV   2,671E-03  2,008E-03  616,34 um   203,54 um   164,64 um  
   4,00 keV   2,758E-03  1,941E-03  660,60 um   214,37 um   175,06 um  
   4,50 keV   2,926E-03  1,821E-03  749,15 um   235,25 um   195,58 um  
   5,00 keV   3,084E-03  1,718E-03  837,51 um   255,06 um   215,58 um  
   5,50 keV   3,234E-03  1,627E-03  925,50 um   273,88 um   235,05 um  
   6,00 keV   3,378E-03  1,547E-03    1,01 mm   291,76 um   253,98 um  
   6,50 keV   3,516E-03  1,475E-03    1,10 mm   308,78 um   272,38 um  
   7,00 keV   3,649E-03  1,411E-03    1,19 mm   325,00 um   290,26 um  
   8,00 keV   3,901E-03  1,300E-03    1,36 mm   355,45 um   324,55 um  
   9,00 keV   4,147E-03  1,208E-03    1,52 mm   383,22 um   356,90 um  
  10,00 keV   4,382E-03  1,129E-03    1,69 mm   408,63 um   387,42 um  
  11,00 keV   4,607E-03  1,061E-03    1,85 mm   431,96 um   416,25 um  
  12,00 keV   4,824E-03  1,002E-03    2,01 mm   453,47 um   443,51 um  
  13,00 keV   5,034E-03  9,504E-04    2,16 mm   473,37 um   469,33 um  
  14,00 keV   5,237E-03  9,042E-04    2,31 mm   491,83 um   493,82 um  
  15,00 keV   5,434E-03  8,628E-04    2,46 mm   509,01 um   517,07 um  
  16,00 keV   5,626E-03  8,255E-04    2,60 mm   525,04 um   539,20 um  
  17,00 keV   5,814E-03  7,917E-04    2,74 mm   540,03 um   560,27 um  
  18,00 keV   5,997E-03  7,609E-04    2,88 mm   554,10 um   580,37 um  
  20,00 keV   6,352E-03  7,067E-04    3,15 mm   580,26 um   617,94 um  
  22,50 keV   6,776E-03  6,501E-04    3,47 mm   609,25 um   660,56 um  
  25,00 keV   7,183E-03  6,027E-04    3,79 mm   634,58 um   699,07 um  
  27,50 keV   7,573E-03  5,625E-04    4,08 mm   656,94 um   734,08 um  
  30,00 keV   7,950E-03  5,278E-04    4,37 mm   676,84 um   766,09 um  
  32,50 keV   8,313E-03  4,976E-04    4,65 mm   694,69 um   795,51 um  
  35,00 keV   8,665E-03  4,710E-04    4,91 mm   710,80 um   822,66 um  
  37,50 keV   9,006E-03  4,474E-04    5,17 mm   725,44 um   847,84 um  
  40,00 keV   9,336E-03  4,263E-04    5,42 mm   738,80 um   871,27 um  
  45,00 keV   1,001E-02  3,900E-04    5,90 mm   763,66 um   913,58 um  
  50,00 keV   1,074E-02  3,600E-04    6,35 mm   784,69 um   950,66 um  
  55,00 keV   1,139E-02  3,346E-04    6,78 mm   802,69 um   983,42 um  
  60,00 keV   1,200E-02  3,129E-04    7,19 mm   818,36 um     1,01 mm  
  65,00 keV   1,257E-02  2,941E-04    7,57 mm   832,18 um     1,04 mm  
  70,00 keV   1,311E-02  2,776E-04    7,95 mm   844,51 um     1,06 mm  
  80,00 keV   1,410E-02  2,500E-04    8,66 mm   868,41 um     1,11 mm  
  90,00 keV   1,500E-02  2,278E-04    9,32 mm   888,36 um     1,14 mm  
 100,00 keV   1,581E-02  2,095E-04    9,95 mm   905,40 um     1,17 mm  
 110,00 keV   1,657E-02  1,942E-04   10,55 mm   920,24 um     1,20 mm  
 120,00 keV   1,728E-02  1,811E-04   11,13 mm   933,34 um     1,23 mm  
 130,00 keV   1,795E-02  1,698E-04   11,69 mm   945,03 um     1,25 mm  
 140,00 keV   1,861E-02  1,599E-04   12,23 mm   955,55 um     1,27 mm  
 150,00 keV   1,925E-02  1,512E-04   12,75 mm   965,10 um     1,29 mm  
 160,00 keV   1,987E-02  1,435E-04   13,25 mm   973,80 um     1,30 mm  
 170,00 keV   2,049E-02  1,366E-04   13,74 mm   981,79 um     1,32 mm  
 180,00 keV   2,109E-02  1,303E-04   14,21 mm   989,15 um     1,34 mm  
 200,00 keV   2,225E-02  1,196E-04   15,12 mm     1,01 mm     1,36 mm  
 225,00 keV   2,362E-02  1,085E-04   16,20 mm     1,03 mm     1,39 mm  
 250,00 keV   2,489E-02  9,946E-05   17,22 mm     1,04 mm     1,42 mm  
 275,00 keV   2,608E-02  9,190E-05   18,20 mm     1,06 mm     1,44 mm  
 300,00 keV   2,716E-02  8,548E-05   19,13 mm     1,07 mm     1,46 mm  
 325,00 keV   2,813E-02  7,995E-05   20,03 mm     1,09 mm     1,47 mm  
 350,00 keV   2,900E-02  7,514E-05   20,90 mm     1,10 mm     1,49 mm  
 375,00 keV   2,976E-02  7,092E-05   21,74 mm     1,11 mm     1,51 mm  
 400,00 keV   3,044E-02  6,717E-05   22,57 mm     1,12 mm     1,52 mm  
 450,00 keV   3,153E-02  6,083E-05   24,18 mm     1,15 mm     1,54 mm  
 500,00 keV   3,231E-02  5,564E-05   25,74 mm     1,18 mm     1,57 mm  
 550,00 keV   3,285E-02  5,132E-05   27,27 mm     1,20 mm     1,59 mm  
 600,00 keV   3,318E-02  4,766E-05   28,78 mm     1,22 mm     1,60 mm  
 650,00 keV   3,334E-02  4,452E-05   30,28 mm     1,25 mm     1,62 mm  
 700,00 keV   3,336E-02  4,179E-05   31,77 mm     1,27 mm     1,64 mm  
 800,00 keV   3,311E-02  3,728E-05   34,77 mm     1,34 mm     1,67 mm  
 900,00 keV   3,221E-02  3,369E-05   37,83 mm     1,42 mm     1,70 mm  
   1,00 MeV   3,118E-02  3,077E-05   40,98 mm     1,49 mm     1,72 mm  
   1,10 MeV   3,011E-02  2,834E-05   44,24 mm     1,57 mm     1,75 mm  
   1,20 MeV   2,903E-02  2,629E-05   47,62 mm     1,65 mm     1,78 mm  
   1,30 MeV   2,798E-02  2,452E-05   51,12 mm     1,72 mm     1,80 mm  
   1,40 MeV   2,696E-02  2,300E-05   54,76 mm     1,80 mm     1,83 mm  
   1,50 MeV   2,598E-02  2,166E-05   58,53 mm     1,89 mm     1,86 mm  
   1,60 MeV   2,506E-02  2,048E-05   62,45 mm     1,97 mm     1,89 mm  
   1,70 MeV   2,421E-02  1,942E-05   66,50 mm     2,06 mm     1,92 mm  
   1,80 MeV   2,342E-02  1,848E-05   70,70 mm     2,15 mm     1,95 mm  
   2,00 MeV   2,196E-02  1,685E-05   79,51 mm     2,50 mm     2,01 mm  
   2,25 MeV   2,038E-02  1,520E-05   91,32 mm     3,02 mm     2,10 mm  
   2,50 MeV   1,901E-02  1,386E-05  104,01 mm     3,52 mm     2,19 mm  
   2,75 MeV   1,783E-02  1,275E-05  117,58 mm     4,03 mm     2,29 mm  
   3,00 MeV   1,679E-02  1,181E-05  132,03 mm     4,53 mm     2,41 mm  
   3,25 MeV   1,587E-02  1,100E-05  147,33 mm     5,03 mm     2,52 mm  
   3,50 MeV   1,506E-02  1,031E-05  163,49 mm     5,54 mm     2,65 mm  
   3,75 MeV   1,434E-02  9,699E-06  180,49 mm     6,06 mm     2,79 mm  
   4,00 MeV   1,368E-02  9,161E-06  198,33 mm     6,58 mm     2,94 mm  
   4,50 MeV   1,255E-02  8,254E-06  236,48 mm     8,54 mm     3,26 mm  
   5,00 MeV   1,160E-02  7,517E-06  277,91 mm    10,38 mm     3,61 mm  
   5,50 MeV   1,079E-02  6,907E-06  322,58 mm    12,19 mm     4,00 mm  
   6,00 MeV   1,010E-02  6,393E-06  370,46 mm    13,97 mm     4,42 mm  
   6,50 MeV   9,491E-03  5,953E-06  421,52 mm    15,76 mm     4,87 mm  
   7,00 MeV   8,958E-03  5,572E-06  475,72 mm    17,56 mm     5,36 mm  
   8,00 MeV   8,063E-03  4,946E-06  593,35 mm    24,26 mm     6,42 mm  
   9,00 MeV   7,388E-03  4,452E-06  722,87 mm    30,47 mm     7,60 mm  
  10,00 MeV   6,765E-03  4,051E-06  864,27 mm    36,52 mm     8,89 mm  
  11,00 MeV   6,279E-03  3,720E-06    1,02 m     42,56 mm    10,29 mm  
  12,00 MeV   5,863E-03  3,440E-06    1,18 m     48,60 mm    11,79 mm  
  13,00 MeV   5,503E-03  3,201E-06    1,36 m     54,70 mm    13,40 mm  
  14,00 MeV   5,189E-03  2,995E-06    1,55 m     60,86 mm    15,10 mm  
  15,00 MeV   4,911E-03  2,815E-06    1,74 m     67,10 mm    16,90 mm  
  16,00 MeV   4,663E-03  2,656E-06    1,95 m     73,42 mm    18,80 mm  
  17,00 MeV   4,442E-03  2,515E-06    2,17 m     79,84 mm    20,78 mm  
  18,00 MeV   4,242E-03  2,388E-06    2,40 m     86,36 mm    22,87 mm  
  20,00 MeV   3,895E-03  2,172E-06    2,89 m    111,14 mm    27,30 mm  
  22,50 MeV   3,540E-03  1,952E-06    3,57 m    146,64 mm    33,35 mm  
  25,00 MeV   3,249E-03  1,775E-06    4,30 m    180,24 mm    39,95 mm  
  27,50 MeV   3,005E-03  1,628E-06    5,10 m    213,15 mm    47,08 mm  
  30,00 MeV   2,798E-03  1,505E-06    5,97 m    245,92 mm    54,73 mm  
  32,50 MeV   2,620E-03  1,399E-06    6,89 m    278,82 mm    62,90 mm  
  35,00 MeV   2,465E-03  1,308E-06    7,87 m    312,02 mm    71,59 mm  
  37,50 MeV   2,328E-03  1,229E-06    8,92 m    345,61 mm    80,77 mm  
  40,00 MeV   2,207E-03  1,159E-06   10,02 m    379,64 mm    90,45 mm  
  45,00 MeV   2,002E-03  1,041E-06   12,40 m    508,13 mm   111,28 mm  
  50,00 MeV   1,835E-03  9,458E-07   15,00 m    628,88 mm   134,03 mm  
  55,00 MeV   1,696E-03  8,671E-07   17,84 m    746,81 mm   158,65 mm  
  60,00 MeV   1,578E-03  8,010E-07   20,89 m    864,04 mm   185,12 mm  
  65,00 MeV   1,476E-03  7,445E-07   24,17 m    981,64 mm   213,40 mm  
  70,00 MeV   1,388E-03  6,958E-07   27,66 m      1,10 m    243,46 mm  
  80,00 MeV   1,243E-03  6,158E-07   35,28 m      1,54 m    308,83 mm  
  90,00 MeV   1,127E-03  5,529E-07   43,73 m      1,95 m    381,02 mm  
 100,00 MeV   1,033E-03  5,020E-07   52,99 m      2,36 m    459,86 mm  
 110,00 MeV   9,546E-04  4,600E-07   63,06 m      2,76 m    545,18 mm  
 120,00 MeV   8,885E-04  4,248E-07   73,92 m      3,16 m    636,83 mm  
 130,00 MeV   8,319E-04  3,947E-07   85,55 m      3,56 m    734,68 mm  
 140,00 MeV   7,828E-04  3,687E-07   97,94 m      3,98 m    838,60 mm  
 150,00 MeV   7,398E-04  3,461E-07  111,07 m      4,39 m    948,46 mm  
 160,00 MeV   7,019E-04  3,261E-07  124,95 m      4,82 m      1,06 m   
 170,00 MeV   6,681E-04  3,084E-07  139,55 m      5,25 m      1,19 m   
 180,00 MeV   6,378E-04  2,926E-07  154,86 m      5,68 m      1,31 m   
 200,00 MeV   5,857E-04  2,656E-07  187,58 m      7,34 m      1,58 m   
 225,00 MeV   5,329E-04  2,383E-07  232,33 m      9,70 m      1,95 m   
 250,00 MeV   4,900E-04  2,162E-07  281,24 m     11,93 m      2,35 m   
 275,00 MeV   4,545E-04  1,980E-07  334,21 m     14,10 m      2,78 m   
 300,00 MeV   4,246E-04  1,827E-07  391,11 m     16,25 m      3,24 m   
 325,00 MeV   3,990E-04  1,697E-07  451,83 m     18,40 m      3,73 m   
 350,00 MeV   3,769E-04  1,585E-07  516,28 m     20,55 m      4,25 m   
 375,00 MeV   3,576E-04  1,487E-07  584,36 m     22,71 m      4,79 m   
 400,00 MeV   3,406E-04  1,401E-07  655,97 m     24,89 m      5,36 m   
 450,00 MeV   3,120E-04  1,256E-07  809,35 m     33,06 m      6,58 m   
 500,00 MeV   2,888E-04  1,139E-07  975,91 m     40,63 m      7,88 m   
 550,00 MeV   2,697E-04  1,043E-07    1,16 km    47,93 m      9,28 m   
 600,00 MeV   2,536E-04  9,622E-08    1,35 km    55,07 m     10,75 m   
 650,00 MeV   2,400E-04  8,933E-08    1,55 km    62,13 m     12,31 m   
 700,00 MeV   2,282E-04  8,339E-08    1,76 km    69,14 m     13,93 m   
 800,00 MeV   2,089E-04  7,367E-08    2,22 km    94,85 m     17,38 m   
 900,00 MeV   1,938E-04  6,603E-08    2,72 km   118,16 m     21,08 m   
   1,00 GeV   1,816E-04  5,987E-08    3,25 km   140,27 m     24,99 m   
-----------------------------------------------------------
 Multiply Stopping by        for Stopping Units
 -------------------        ------------------
  1,0000E-01                 eV / Angstrom 
  1,0000E+00                keV / micron   
  1,0000E+00                MeV / mm       
  8,6658E+01                keV / (ug/cm2) 
  8,6658E+01                MeV / (mg/cm2) 
  8,6658E+04                keV / (mg/cm2) 
  5,8246E+02                 eV / (1E15 atoms/cm2)
  5,8534E+01                L.S.S. reduced units
 ==================================================================
 (C) 1984,1989,1992,1998,2008 by J.P. Biersack and J.F. Ziegler
