 ==================================================================
              SRIM version ---> SRIM-2013.00
              Calc. date   ---> mars 26, 2024 
 ==================================================================

 Disk File Name = SRIM Outputs\4He_He97_butane_700mbar.txt

 Ion = Helium [2] , Mass = 4 amu

 Target Density =  1,6160E-04 g/cm3 = 2,4042E+19 atoms/cm3
 Target is a GAS 
 ======= Target  Composition ========
    Atom   Atom   Atomic    Mass     
    Name   Numb   Percent   Percent  
    ----   ----   -------   -------  
     He      2    069,79    069,01   
      H      1    021,58    005,37   
      C      6    008,63    025,61   
 ====================================
 Bragg Correction = 3,27%
 Stopping Units =  MeV / mm       
 See bottom of Table for other Stopping units 

        Ion        dE/dx      dE/dx     Projected  Longitudinal   Lateral
       Energy      Elec.      Nuclear     Range     Straggling   Straggling
  --------------  ---------- ---------- ----------  ----------  ----------
999,999 eV    1,932E-03  4,859E-03  105,40 um    45,65 um    32,69 um  
   1,10 keV   2,026E-03  4,721E-03  116,55 um    49,75 um    35,74 um  
   1,20 keV   2,116E-03  4,591E-03  127,84 um    53,81 um    38,80 um  
   1,30 keV   2,203E-03  4,469E-03  139,26 um    57,84 um    41,88 um  
   1,40 keV   2,286E-03  4,354E-03  150,79 um    61,84 um    44,97 um  
   1,50 keV   2,366E-03  4,246E-03  162,44 um    65,80 um    48,07 um  
   1,60 keV   2,444E-03  4,144E-03  174,19 um    69,73 um    51,17 um  
   1,70 keV   2,519E-03  4,048E-03  186,03 um    73,62 um    54,29 um  
   1,80 keV   2,592E-03  3,956E-03  197,96 um    77,48 um    57,40 um  
   2,00 keV   2,732E-03  3,788E-03  222,06 um    85,08 um    63,66 um  
   2,25 keV   2,898E-03  3,600E-03  252,55 um    94,37 um    71,50 um  
   2,50 keV   3,055E-03  3,432E-03  283,36 um   103,44 um    79,31 um  
   2,75 keV   3,204E-03  3,283E-03  314,43 um   112,27 um    87,08 um  
   3,00 keV   3,346E-03  3,147E-03  345,69 um   120,88 um    94,81 um  
   3,25 keV   3,483E-03  3,025E-03  377,09 um   129,27 um   102,48 um  
   3,50 keV   3,615E-03  2,913E-03  408,59 um   137,43 um   110,08 um  
   3,75 keV   3,741E-03  2,811E-03  440,16 um   145,38 um   117,60 um  
   4,00 keV   3,864E-03  2,717E-03  471,76 um   153,11 um   125,05 um  
   4,50 keV   4,098E-03  2,549E-03  535,00 um   168,02 um   139,70 um  
   5,00 keV   4,320E-03  2,404E-03  598,09 um   182,17 um   153,99 um  
   5,50 keV   4,531E-03  2,277E-03  660,92 um   195,60 um   167,89 um  
   6,00 keV   4,732E-03  2,165E-03  723,40 um   208,37 um   181,41 um  
   6,50 keV   4,926E-03  2,065E-03  785,46 um   220,53 um   194,55 um  
   7,00 keV   5,112E-03  1,975E-03  847,05 um   232,10 um   207,31 um  
   8,00 keV   5,465E-03  1,819E-03  968,75 um   253,84 um   231,80 um  
   9,00 keV   5,810E-03  1,690E-03    1,09 mm   273,67 um   254,90 um  
  10,00 keV   6,139E-03  1,580E-03    1,21 mm   291,81 um   276,69 um  
  11,00 keV   6,454E-03  1,485E-03    1,32 mm   308,47 um   297,27 um  
  12,00 keV   6,758E-03  1,403E-03    1,43 mm   323,83 um   316,74 um  
  13,00 keV   7,052E-03  1,330E-03    1,54 mm   338,03 um   335,17 um  
  14,00 keV   7,336E-03  1,265E-03    1,65 mm   351,20 um   352,65 um  
  15,00 keV   7,613E-03  1,207E-03    1,75 mm   363,47 um   369,25 um  
  16,00 keV   7,882E-03  1,155E-03    1,86 mm   374,91 um   385,04 um  
  17,00 keV   8,145E-03  1,108E-03    1,96 mm   385,61 um   400,09 um  
  18,00 keV   8,402E-03  1,065E-03    2,06 mm   395,65 um   414,44 um  
  20,00 keV   8,899E-03  9,890E-04    2,25 mm   414,32 um   441,26 um  
  22,50 keV   9,493E-03  9,097E-04    2,48 mm   435,01 um   471,68 um  
  25,00 keV   1,006E-02  8,435E-04    2,70 mm   453,10 um   499,17 um  
  27,50 keV   1,061E-02  7,872E-04    2,92 mm   469,05 um   524,16 um  
  30,00 keV   1,114E-02  7,387E-04    3,12 mm   483,26 um   547,00 um  
  32,50 keV   1,165E-02  6,964E-04    3,32 mm   496,00 um   568,00 um  
  35,00 keV   1,214E-02  6,592E-04    3,51 mm   507,49 um   587,38 um  
  37,50 keV   1,262E-02  6,261E-04    3,69 mm   517,94 um   605,35 um  
  40,00 keV   1,308E-02  5,965E-04    3,87 mm   527,47 um   622,08 um  
  45,00 keV   1,402E-02  5,458E-04    4,21 mm   545,22 um   652,27 um  
  50,00 keV   1,504E-02  5,037E-04    4,54 mm   560,22 um   678,73 um  
  55,00 keV   1,596E-02  4,683E-04    4,84 mm   573,06 um   702,11 um  
  60,00 keV   1,681E-02  4,379E-04    5,13 mm   584,24 um   723,01 um  
  65,00 keV   1,761E-02  4,115E-04    5,41 mm   594,11 um   741,86 um  
  70,00 keV   1,836E-02  3,885E-04    5,67 mm   602,91 um   758,99 um  
  80,00 keV   1,976E-02  3,499E-04    6,18 mm   619,96 um   789,09 um  
  90,00 keV   2,101E-02  3,188E-04    6,65 mm   634,20 um   814,85 um  
 100,00 keV   2,215E-02  2,932E-04    7,10 mm   646,36 um   837,31 um  
 110,00 keV   2,321E-02  2,717E-04    7,53 mm   656,95 um   857,17 um  
 120,00 keV   2,420E-02  2,534E-04    7,95 mm   666,30 um   874,94 um  
 130,00 keV   2,515E-02  2,376E-04    8,34 mm   674,64 um   890,98 um  
 140,00 keV   2,607E-02  2,238E-04    8,73 mm   682,15 um   905,57 um  
 150,00 keV   2,696E-02  2,116E-04    9,10 mm   688,96 um   918,92 um  
 160,00 keV   2,784E-02  2,008E-04    9,46 mm   695,18 um   931,21 um  
 170,00 keV   2,870E-02  1,911E-04    9,81 mm   700,88 um   942,57 um  
 180,00 keV   2,954E-02  1,824E-04   10,15 mm   706,13 um   953,11 um  
 200,00 keV   3,117E-02  1,673E-04   10,80 mm   718,41 um   972,10 um  
 225,00 keV   3,309E-02  1,519E-04   11,57 mm   733,21 um   992,67 um  
 250,00 keV   3,487E-02  1,392E-04   12,30 mm   745,96 um     1,01 mm  
 275,00 keV   3,653E-02  1,286E-04   12,99 mm   757,13 um     1,03 mm  
 300,00 keV   3,804E-02  1,196E-04   13,66 mm   767,08 um     1,04 mm  
 325,00 keV   3,940E-02  1,119E-04   14,30 mm   776,06 um     1,05 mm  
 350,00 keV   4,062E-02  1,052E-04   14,92 mm   784,27 um     1,06 mm  
 375,00 keV   4,169E-02  9,924E-05   15,52 mm   791,85 um     1,07 mm  
 400,00 keV   4,263E-02  9,400E-05   16,11 mm   798,92 um     1,08 mm  
 450,00 keV   4,416E-02  8,512E-05   17,26 mm   819,91 um     1,10 mm  
 500,00 keV   4,526E-02  7,786E-05   18,37 mm   838,97 um     1,12 mm  
 550,00 keV   4,601E-02  7,182E-05   19,47 mm   856,68 um     1,13 mm  
 600,00 keV   4,646E-02  6,670E-05   20,54 mm   873,42 um     1,14 mm  
 650,00 keV   4,668E-02  6,230E-05   21,61 mm   889,48 um     1,16 mm  
 700,00 keV   4,671E-02  5,848E-05   22,68 mm   905,06 um     1,17 mm  
 800,00 keV   4,636E-02  5,216E-05   24,83 mm   959,54 um     1,19 mm  
 900,00 keV   4,509E-02  4,714E-05   27,01 mm     1,01 mm     1,21 mm  
   1,00 MeV   4,366E-02  4,306E-05   29,26 mm     1,07 mm     1,23 mm  
   1,10 MeV   4,215E-02  3,966E-05   31,59 mm     1,12 mm     1,25 mm  
   1,20 MeV   4,064E-02  3,678E-05   34,00 mm     1,17 mm     1,27 mm  
   1,30 MeV   3,916E-02  3,432E-05   36,50 mm     1,23 mm     1,29 mm  
   1,40 MeV   3,773E-02  3,218E-05   39,10 mm     1,29 mm     1,31 mm  
   1,50 MeV   3,637E-02  3,031E-05   41,80 mm     1,35 mm     1,33 mm  
   1,60 MeV   3,508E-02  2,865E-05   44,60 mm     1,41 mm     1,35 mm  
   1,70 MeV   3,389E-02  2,718E-05   47,49 mm     1,47 mm     1,37 mm  
   1,80 MeV   3,278E-02  2,586E-05   50,49 mm     1,54 mm     1,39 mm  
   2,00 MeV   3,074E-02  2,359E-05   56,78 mm     1,78 mm     1,44 mm  
   2,25 MeV   2,852E-02  2,128E-05   65,22 mm     2,16 mm     1,50 mm  
   2,50 MeV   2,661E-02  1,940E-05   74,29 mm     2,52 mm     1,57 mm  
   2,75 MeV   2,495E-02  1,784E-05   83,99 mm     2,88 mm     1,64 mm  
   3,00 MeV   2,350E-02  1,652E-05   94,31 mm     3,24 mm     1,72 mm  
   3,25 MeV   2,222E-02  1,540E-05  105,24 mm     3,60 mm     1,80 mm  
   3,50 MeV   2,108E-02  1,442E-05  116,78 mm     3,96 mm     1,89 mm  
   3,75 MeV   2,006E-02  1,357E-05  128,93 mm     4,33 mm     1,99 mm  
   4,00 MeV   1,915E-02  1,282E-05  141,68 mm     4,70 mm     2,10 mm  
   4,50 MeV   1,756E-02  1,155E-05  168,94 mm     6,10 mm     2,33 mm  
   5,00 MeV   1,623E-02  1,052E-05  198,54 mm     7,42 mm     2,58 mm  
   5,50 MeV   1,510E-02  9,665E-06  230,46 mm     8,71 mm     2,86 mm  
   6,00 MeV   1,413E-02  8,946E-06  264,67 mm     9,98 mm     3,16 mm  
   6,50 MeV   1,328E-02  8,330E-06  301,15 mm    11,26 mm     3,48 mm  
   7,00 MeV   1,254E-02  7,798E-06  339,88 mm    12,55 mm     3,83 mm  
   8,00 MeV   1,128E-02  6,922E-06  423,93 mm    17,33 mm     4,59 mm  
   9,00 MeV   1,034E-02  6,230E-06  516,48 mm    21,77 mm     5,43 mm  
  10,00 MeV   9,468E-03  5,669E-06  617,52 mm    26,09 mm     6,35 mm  
  11,00 MeV   8,788E-03  5,205E-06  727,11 mm    30,41 mm     7,35 mm  
  12,00 MeV   8,206E-03  4,814E-06  844,83 mm    34,73 mm     8,43 mm  
  13,00 MeV   7,702E-03  4,480E-06  970,57 mm    39,08 mm     9,58 mm  
  14,00 MeV   7,261E-03  4,191E-06    1,10 m     43,48 mm    10,79 mm  
  15,00 MeV   6,872E-03  3,939E-06    1,25 m     47,94 mm    12,08 mm  
  16,00 MeV   6,526E-03  3,717E-06    1,39 m     52,46 mm    13,43 mm  
  17,00 MeV   6,216E-03  3,519E-06    1,55 m     57,05 mm    14,86 mm  
  18,00 MeV   5,936E-03  3,342E-06    1,72 m     61,71 mm    16,34 mm  
  20,00 MeV   5,451E-03  3,039E-06    2,07 m     79,41 mm    19,51 mm  
  22,50 MeV   4,954E-03  2,732E-06    2,55 m    104,78 mm    23,84 mm  
  25,00 MeV   4,546E-03  2,484E-06    3,08 m    128,79 mm    28,55 mm  
  27,50 MeV   4,205E-03  2,278E-06    3,65 m    152,31 mm    33,65 mm  
  30,00 MeV   3,916E-03  2,106E-06    4,26 m    175,72 mm    39,12 mm  
  32,50 MeV   3,666E-03  1,958E-06    4,92 m    199,23 mm    44,96 mm  
  35,00 MeV   3,449E-03  1,831E-06    5,63 m    222,96 mm    51,17 mm  
  37,50 MeV   3,258E-03  1,720E-06    6,37 m    246,96 mm    57,73 mm  
  40,00 MeV   3,089E-03  1,622E-06    7,16 m    271,27 mm    64,65 mm  
  45,00 MeV   2,802E-03  1,457E-06    8,86 m    363,09 mm    79,54 mm  
  50,00 MeV   2,568E-03  1,324E-06   10,72 m    449,37 mm    95,80 mm  
  55,00 MeV   2,373E-03  1,213E-06   12,75 m    533,63 mm   113,40 mm  
  60,00 MeV   2,208E-03  1,121E-06   14,93 m    617,40 mm   132,32 mm  
  65,00 MeV   2,066E-03  1,042E-06   17,27 m    701,43 mm   152,53 mm  
  70,00 MeV   1,943E-03  9,737E-07   19,77 m    786,16 mm   174,02 mm  
  80,00 MeV   1,739E-03  8,618E-07   25,21 m      1,10 m    220,75 mm  
  90,00 MeV   1,577E-03  7,737E-07   31,24 m      1,40 m    272,35 mm  
 100,00 MeV   1,445E-03  7,025E-07   37,87 m      1,68 m    328,70 mm  
-----------------------------------------------------------
 Multiply Stopping by        for Stopping Units
 -------------------        ------------------
  1,0000E-01                 eV / Angstrom 
  1,0000E+00                keV / micron   
  1,0000E+00                MeV / mm       
  6,1883E+01                keV / (ug/cm2) 
  6,1883E+01                MeV / (mg/cm2) 
  6,1883E+04                keV / (mg/cm2) 
  4,1594E+02                 eV / (1E15 atoms/cm2)
  4,1815E+01                L.S.S. reduced units
 ==================================================================
 (C) 1984,1989,1992,1998,2008 by J.P. Biersack and J.F. Ziegler
