 ==================================================================
              SRIM version ---> SRIM-2013.00
              Calc. date   ---> marzo 19, 2024 
 ==================================================================

 Disk File Name = SRIM Outputs\4He_He_CF4_800mbar.txt

 Ion = Helium [2] , Mass = 4,003 amu

 Target Density =  2,6930E-04 g/cm3 = 2,3722E+19 atoms/cm3
 Target is a GAS 
 ======= Target  Composition ========
    Atom   Atom   Atomic    Mass     
    Name   Numb   Percent   Percent  
    ----   ----   -------   -------  
      C      6    004,17    007,33   
      F      9    016,67    046,32   
     He      2    079,16    046,35   
 ====================================
 Bragg Correction = -4,14%
 Stopping Units =  MeV / mm       
 See bottom of Table for other Stopping units 

        Ion        dE/dx      dE/dx     Projected  Longitudinal   Lateral
       Energy      Elec.      Nuclear     Range     Straggling   Straggling
  --------------  ---------- ---------- ----------  ----------  ----------
999,999 eV    2,369E-03  5,277E-03   79,59 um    45,35 um    33,52 um  
   1,10 keV   2,484E-03  5,147E-03   87,79 um    49,42 um    36,62 um  
   1,20 keV   2,595E-03  5,023E-03   96,07 um    53,47 um    39,73 um  
   1,30 keV   2,701E-03  4,906E-03  104,43 um    57,49 um    42,84 um  
   1,40 keV   2,803E-03  4,795E-03  112,86 um    61,49 um    45,95 um  
   1,50 keV   2,901E-03  4,690E-03  121,36 um    65,46 um    49,06 um  
   1,60 keV   2,996E-03  4,590E-03  129,92 um    69,40 um    52,17 um  
   1,70 keV   3,089E-03  4,495E-03  138,54 um    73,31 um    55,28 um  
   1,80 keV   3,178E-03  4,405E-03  147,22 um    77,20 um    58,39 um  
   2,00 keV   3,350E-03  4,237E-03  164,73 um    84,84 um    64,63 um  
   2,25 keV   3,553E-03  4,048E-03  186,86 um    94,22 um    72,39 um  
   2,50 keV   3,746E-03  3,878E-03  209,21 um   103,44 um    80,09 um  
   2,75 keV   3,928E-03  3,725E-03  231,73 um   112,46 um    87,74 um  
   3,00 keV   4,103E-03  3,586E-03  254,39 um   121,30 um    95,33 um  
   3,25 keV   4,271E-03  3,458E-03  277,16 um   129,94 um   102,84 um  
   3,50 keV   4,432E-03  3,342E-03  300,01 um   138,40 um   110,28 um  
   3,75 keV   4,587E-03  3,234E-03  322,92 um   146,66 um   117,64 um  
   4,00 keV   4,738E-03  3,135E-03  345,88 um   154,74 um   124,92 um  
   4,50 keV   5,025E-03  2,956E-03  391,88 um   170,33 um   139,27 um  
   5,00 keV   5,297E-03  2,800E-03  437,88 um   185,25 um   153,27 um  
   5,50 keV   5,556E-03  2,663E-03  483,79 um   199,53 um   166,91 um  
   6,00 keV   5,803E-03  2,541E-03  529,54 um   213,21 um   180,19 um  
   6,50 keV   6,040E-03  2,431E-03  575,09 um   226,31 um   193,14 um  
   7,00 keV   6,268E-03  2,332E-03  620,41 um   238,87 um   205,74 um  
   8,00 keV   6,700E-03  2,160E-03  710,28 um   262,49 um   230,04 um  
   9,00 keV   7,119E-03  2,015E-03  798,87 um   284,31 um   253,08 um  
  10,00 keV   7,517E-03  1,891E-03  886,06 um   304,51 um   274,95 um  
  11,00 keV   7,899E-03  1,784E-03  971,79 um   323,25 um   295,73 um  
  12,00 keV   8,266E-03  1,690E-03    1,06 mm   340,69 um   315,49 um  
  13,00 keV   8,619E-03  1,606E-03    1,14 mm   356,96 um   334,32 um  
  14,00 keV   8,962E-03  1,532E-03    1,22 mm   372,18 um   352,27 um  
  15,00 keV   9,294E-03  1,465E-03    1,30 mm   386,46 um   369,42 um  
  16,00 keV   9,617E-03  1,405E-03    1,38 mm   399,87 um   385,82 um  
  17,00 keV   9,932E-03  1,350E-03    1,46 mm   412,50 um   401,52 um  
  18,00 keV   1,024E-02  1,299E-03    1,53 mm   424,42 um   416,57 um  
  20,00 keV   1,083E-02  1,211E-03    1,68 mm   446,50 um   444,90 um  
  22,50 keV   1,154E-02  1,117E-03    1,86 mm   471,11 um   477,35 um  
  25,00 keV   1,222E-02  1,039E-03    2,03 mm   492,87 um   506,96 um  
  27,50 keV   1,288E-02  9,720E-04    2,20 mm   512,28 um   534,12 um  
  30,00 keV   1,350E-02  9,141E-04    2,36 mm   529,71 um   559,16 um  
  32,50 keV   1,411E-02  8,635E-04    2,52 mm   545,47 um   582,34 um  
  35,00 keV   1,470E-02  8,188E-04    2,67 mm   559,79 um   603,88 um  
  37,50 keV   1,527E-02  7,790E-04    2,81 mm   572,88 um   623,98 um  
  40,00 keV   1,583E-02  7,433E-04    2,96 mm   584,90 um   642,79 um  
  45,00 keV   1,691E-02  6,818E-04    3,23 mm   606,71 um   677,06 um  
  50,00 keV   1,797E-02  6,307E-04    3,49 mm   625,47 um   707,53 um  
  55,00 keV   1,896E-02  5,874E-04    3,74 mm   641,80 um   734,85 um  
  60,00 keV   1,990E-02  5,502E-04    3,98 mm   656,19 um   759,56 um  
  65,00 keV   2,078E-02  5,179E-04    4,21 mm   669,00 um   782,08 um  
  70,00 keV   2,162E-02  4,895E-04    4,43 mm   680,50 um   802,74 um  
  80,00 keV   2,317E-02  4,420E-04    4,85 mm   701,55 um   839,48 um  
  90,00 keV   2,457E-02  4,035E-04    5,25 mm   719,25 um   871,37 um  
 100,00 keV   2,584E-02  3,718E-04    5,63 mm   734,46 um   899,51 um  
 110,00 keV   2,701E-02  3,451E-04    5,99 mm   747,75 um   924,65 um  
 120,00 keV   2,811E-02  3,223E-04    6,34 mm   759,52 um   947,35 um  
 130,00 keV   2,915E-02  3,025E-04    6,68 mm   770,04 um   968,02 um  
 140,00 keV   3,016E-02  2,852E-04    7,01 mm   779,53 um   986,97 um  
 150,00 keV   3,115E-02  2,700E-04    7,33 mm   788,15 um     1,00 mm  
 160,00 keV   3,211E-02  2,564E-04    7,63 mm   796,02 um     1,02 mm  
 170,00 keV   3,305E-02  2,443E-04    7,93 mm   803,25 um     1,04 mm  
 180,00 keV   3,397E-02  2,333E-04    8,23 mm   809,92 um     1,05 mm  
 200,00 keV   3,576E-02  2,143E-04    8,79 mm   823,69 um     1,08 mm  
 225,00 keV   3,786E-02  1,948E-04    9,46 mm   839,50 um     1,10 mm  
 250,00 keV   3,981E-02  1,787E-04   10,09 mm   853,12 um     1,13 mm  
 275,00 keV   4,161E-02  1,653E-04   10,70 mm   865,05 um     1,15 mm  
 300,00 keV   4,325E-02  1,539E-04   11,28 mm   875,65 um     1,17 mm  
 325,00 keV   4,473E-02  1,441E-04   11,84 mm   885,20 um     1,19 mm  
 350,00 keV   4,606E-02  1,356E-04   12,38 mm   893,90 um     1,20 mm  
 375,00 keV   4,724E-02  1,280E-04   12,92 mm   901,91 um     1,22 mm  
 400,00 keV   4,829E-02  1,213E-04   13,44 mm   909,34 um     1,23 mm  
 450,00 keV   5,001E-02  1,100E-04   14,44 mm   928,31 um     1,26 mm  
 500,00 keV   5,129E-02  1,007E-04   15,43 mm   945,45 um     1,28 mm  
 550,00 keV   5,221E-02  9,300E-05   16,39 mm   961,27 um     1,30 mm  
 600,00 keV   5,283E-02  8,643E-05   17,33 mm   976,11 um     1,32 mm  
 650,00 keV   5,320E-02  8,079E-05   18,27 mm   990,23 um     1,34 mm  
 700,00 keV   5,336E-02  7,589E-05   19,21 mm     1,00 mm     1,35 mm  
 800,00 keV   5,323E-02  6,777E-05   21,08 mm     1,05 mm     1,38 mm  
 900,00 keV   5,253E-02  6,131E-05   22,96 mm     1,09 mm     1,41 mm  
   1,00 MeV   5,158E-02  5,604E-05   24,88 mm     1,13 mm     1,44 mm  
   1,10 MeV   5,047E-02  5,165E-05   26,83 mm     1,17 mm     1,47 mm  
   1,20 MeV   4,928E-02  4,794E-05   28,83 mm     1,21 mm     1,49 mm  
   1,30 MeV   4,805E-02  4,475E-05   30,88 mm     1,25 mm     1,52 mm  
   1,40 MeV   4,682E-02  4,199E-05   32,98 mm     1,29 mm     1,55 mm  
   1,50 MeV   4,561E-02  3,957E-05   35,14 mm     1,33 mm     1,57 mm  
   1,60 MeV   4,442E-02  3,742E-05   37,36 mm     1,38 mm     1,60 mm  
   1,70 MeV   4,327E-02  3,551E-05   39,64 mm     1,42 mm     1,63 mm  
   1,80 MeV   4,216E-02  3,380E-05   41,98 mm     1,47 mm     1,65 mm  
   2,00 MeV   4,007E-02  3,085E-05   46,84 mm     1,63 mm     1,71 mm  
   2,25 MeV   3,767E-02  2,785E-05   53,26 mm     1,88 mm     1,78 mm  
   2,50 MeV   3,551E-02  2,540E-05   60,09 mm     2,13 mm     1,86 mm  
   2,75 MeV   3,357E-02  2,338E-05   67,32 mm     2,38 mm     1,95 mm  
   3,00 MeV   3,181E-02  2,167E-05   74,97 mm     2,63 mm     2,03 mm  
   3,25 MeV   3,023E-02  2,020E-05   83,02 mm     2,88 mm     2,13 mm  
   3,50 MeV   2,879E-02  1,893E-05   91,49 mm     3,13 mm     2,23 mm  
   3,75 MeV   2,749E-02  1,782E-05  100,36 mm     3,39 mm     2,33 mm  
   4,00 MeV   2,630E-02  1,683E-05  109,65 mm     3,65 mm     2,44 mm  
   4,50 MeV   2,422E-02  1,518E-05  129,45 mm     4,63 mm     2,68 mm  
   5,00 MeV   2,246E-02  1,383E-05  150,87 mm     5,56 mm     2,94 mm  
   5,50 MeV   2,095E-02  1,271E-05  173,91 mm     6,48 mm     3,23 mm  
   6,00 MeV   1,964E-02  1,177E-05  198,54 mm     7,39 mm     3,54 mm  
   6,50 MeV   1,850E-02  1,097E-05  224,75 mm     8,30 mm     3,87 mm  
   7,00 MeV   1,749E-02  1,027E-05  252,53 mm     9,22 mm     4,22 mm  
   8,00 MeV   1,580E-02  9,121E-06  312,66 mm    12,61 mm     4,99 mm  
   9,00 MeV   1,453E-02  8,214E-06  378,63 mm    15,75 mm     5,84 mm  
  10,00 MeV   1,335E-02  7,478E-06  450,38 mm    18,81 mm     6,77 mm  
  11,00 MeV   1,242E-02  6,868E-06  528,01 mm    21,85 mm     7,77 mm  
  12,00 MeV   1,161E-02  6,355E-06  611,25 mm    24,90 mm     8,85 mm  
  13,00 MeV   1,092E-02  5,916E-06  700,03 mm    27,97 mm     9,99 mm  
  14,00 MeV   1,030E-02  5,536E-06  794,26 mm    31,07 mm    11,20 mm  
  15,00 MeV   9,765E-03  5,204E-06  893,89 mm    34,22 mm    12,49 mm  
  16,00 MeV   9,283E-03  4,912E-06  998,86 mm    37,40 mm    13,83 mm  
  17,00 MeV   8,851E-03  4,652E-06    1,11 m     40,63 mm    15,24 mm  
  18,00 MeV   8,461E-03  4,419E-06    1,22 m     43,91 mm    16,72 mm  
  20,00 MeV   7,784E-03  4,020E-06    1,47 m     56,27 mm    19,86 mm  
  22,50 MeV   7,087E-03  3,615E-06    1,81 m     73,97 mm    24,13 mm  
  25,00 MeV   6,514E-03  3,288E-06    2,18 m     90,71 mm    28,78 mm  
  27,50 MeV   6,034E-03  3,017E-06    2,57 m    107,10 mm    33,79 mm  
  30,00 MeV   5,626E-03  2,789E-06    3,00 m    123,41 mm    39,17 mm  
  32,50 MeV   5,274E-03  2,595E-06    3,46 m    139,78 mm    44,89 mm  
  35,00 MeV   4,966E-03  2,426E-06    3,95 m    156,29 mm    50,97 mm  
  37,50 MeV   4,696E-03  2,279E-06    4,47 m    172,98 mm    57,39 mm  
  40,00 MeV   4,456E-03  2,150E-06    5,01 m    189,88 mm    64,15 mm  
  45,00 MeV   4,048E-03  1,932E-06    6,19 m    253,33 mm    78,66 mm  
  50,00 MeV   3,715E-03  1,756E-06    7,48 m    312,97 mm    94,49 mm  
  55,00 MeV   3,436E-03  1,610E-06    8,88 m    371,19 mm   111,59 mm  
  60,00 MeV   3,200E-03  1,488E-06   10,39 m    429,04 mm   129,94 mm  
  65,00 MeV   2,997E-03  1,383E-06   12,00 m    487,05 mm   149,52 mm  
  70,00 MeV   2,820E-03  1,293E-06   13,72 m    545,52 mm   170,32 mm  
  80,00 MeV   2,528E-03  1,145E-06   17,46 m    762,48 mm   215,47 mm  
  90,00 MeV   2,296E-03  1,028E-06   21,61 m    964,56 mm   265,24 mm  
 100,00 MeV   2,106E-03  9,341E-07   26,16 m      1,16 m    319,51 mm  
 110,00 MeV   1,948E-03  8,562E-07   31,10 m      1,36 m    378,17 mm  
 120,00 MeV   1,815E-03  7,907E-07   36,41 m      1,56 m    441,11 mm  
 130,00 MeV   1,700E-03  7,348E-07   42,10 m      1,75 m    508,24 mm  
 140,00 MeV   1,601E-03  6,866E-07   48,16 m      1,96 m    579,47 mm  
 150,00 MeV   1,514E-03  6,445E-07   54,59 m      2,16 m    654,71 mm  
 160,00 MeV   1,437E-03  6,075E-07   61,37 m      2,37 m    733,89 mm  
 170,00 MeV   1,368E-03  5,747E-07   68,50 m      2,58 m    816,93 mm  
 180,00 MeV   1,307E-03  5,453E-07   75,97 m      2,79 m    903,77 mm  
 200,00 MeV   1,201E-03  4,950E-07   91,94 m      3,60 m      1,09 m   
 225,00 MeV   1,093E-03  4,442E-07  113,75 m      4,75 m      1,34 m   
 250,00 MeV   1,006E-03  4,032E-07  137,58 m      5,84 m      1,61 m   
 275,00 MeV   9,339E-04  3,694E-07  163,36 m      6,89 m      1,91 m   
 300,00 MeV   8,729E-04  3,409E-07  191,04 m      7,94 m      2,22 m   
 325,00 MeV   8,207E-04  3,167E-07  220,57 m      8,99 m      2,55 m   
 350,00 MeV   7,756E-04  2,958E-07  251,90 m     10,04 m      2,90 m   
 375,00 MeV   7,361E-04  2,775E-07  284,97 m     11,09 m      3,27 m   
 400,00 MeV   7,014E-04  2,615E-07  319,75 m     12,15 m      3,66 m   
 450,00 MeV   6,428E-04  2,345E-07  394,21 m     16,11 m      4,48 m   
 500,00 MeV   5,954E-04  2,128E-07  475,01 m     19,79 m      5,37 m   
 550,00 MeV   5,563E-04  1,948E-07  561,87 m     23,32 m      6,31 m   
 600,00 MeV   5,234E-04  1,798E-07  654,52 m     26,79 m      7,31 m   
 650,00 MeV   4,953E-04  1,669E-07  752,70 m     30,22 m      8,36 m   
 700,00 MeV   4,712E-04  1,559E-07  856,17 m     33,62 m      9,46 m   
 800,00 MeV   4,316E-04  1,377E-07    1,08 km    46,05 m     11,79 m   
 900,00 MeV   4,006E-04  1,235E-07    1,32 km    57,33 m     14,28 m   
   1,00 GeV   3,756E-04  1,120E-07    1,58 km    68,02 m     16,91 m   
-----------------------------------------------------------
 Multiply Stopping by        for Stopping Units
 -------------------        ------------------
  1,0000E-01                 eV / Angstrom 
  1,0000E+00                keV / micron   
  1,0000E+00                MeV / mm       
  3,7135E+01                keV / (ug/cm2) 
  3,7135E+01                MeV / (mg/cm2) 
  3,7135E+04                keV / (mg/cm2) 
  4,2155E+02                 eV / (1E15 atoms/cm2)
  3,9539E+01                L.S.S. reduced units
 ==================================================================
 (C) 1984,1989,1992,1998,2008 by J.P. Biersack and J.F. Ziegler
