 ==================================================================
              SRIM version ---> SRIM-2013.00
              Calc. date   ---> marzo 19, 2024 
 ==================================================================

 Disk File Name = SRIM Outputs\4He_He_CF4_500mbar.txt

 Ion = Helium [2] , Mass = 4,003 amu

 Target Density =  1,6830E-04 g/cm3 = 1,4825E+19 atoms/cm3
 Target is a GAS 
 ======= Target  Composition ========
    Atom   Atom   Atomic    Mass     
    Name   Numb   Percent   Percent  
    ----   ----   -------   -------  
      C      6    004,17    007,33   
      F      9    016,67    046,32   
     He      2    079,16    046,35   
 ====================================
 Bragg Correction = -4,14%
 Stopping Units =  MeV / mm       
 See bottom of Table for other Stopping units 

        Ion        dE/dx      dE/dx     Projected  Longitudinal   Lateral
       Energy      Elec.      Nuclear     Range     Straggling   Straggling
  --------------  ---------- ---------- ----------  ----------  ----------
999,999 eV    1,480E-03  3,298E-03  127,35 um    72,56 um    53,64 um  
   1,10 keV   1,553E-03  3,216E-03  140,47 um    79,08 um    58,60 um  
   1,20 keV   1,622E-03  3,139E-03  153,72 um    85,56 um    63,57 um  
   1,30 keV   1,688E-03  3,066E-03  167,09 um    92,00 um    68,55 um  
   1,40 keV   1,752E-03  2,997E-03  180,59 um    98,39 um    73,53 um  
   1,50 keV   1,813E-03  2,931E-03  194,19 um   104,74 um    78,51 um  
   1,60 keV   1,873E-03  2,869E-03  207,89 um   111,05 um    83,48 um  
   1,70 keV   1,930E-03  2,809E-03  221,69 um   117,31 um    88,46 um  
   1,80 keV   1,986E-03  2,753E-03  235,57 um   123,53 um    93,44 um  
   2,00 keV   2,094E-03  2,648E-03  263,59 um   135,75 um   103,41 um  
   2,25 keV   2,221E-03  2,530E-03  299,00 um   150,77 um   115,83 um  
   2,50 keV   2,341E-03  2,424E-03  334,76 um   165,51 um   128,16 um  
   2,75 keV   2,455E-03  2,328E-03  370,80 um   179,96 um   140,40 um  
   3,00 keV   2,564E-03  2,241E-03  407,05 um   194,09 um   152,53 um  
   3,25 keV   2,669E-03  2,161E-03  443,48 um   207,93 um   164,56 um  
   3,50 keV   2,770E-03  2,088E-03  480,05 um   221,45 um   176,46 um  
   3,75 keV   2,867E-03  2,021E-03  516,71 um   234,68 um   188,24 um  
   4,00 keV   2,961E-03  1,959E-03  553,44 um   247,61 um   199,89 um  
   4,50 keV   3,140E-03  1,847E-03  627,06 um   272,54 um   222,86 um  
   5,00 keV   3,310E-03  1,750E-03  700,66 um   296,42 um   245,25 um  
   5,50 keV   3,472E-03  1,664E-03  774,12 um   319,27 um   267,07 um  
   6,00 keV   3,626E-03  1,588E-03  847,33 um   341,15 um   288,33 um  
   6,50 keV   3,774E-03  1,519E-03  920,22 um   362,12 um   309,04 um  
   7,00 keV   3,917E-03  1,457E-03  992,73 um   382,22 um   329,21 um  
   8,00 keV   4,187E-03  1,350E-03    1,14 mm   420,02 um   368,09 um  
   9,00 keV   4,449E-03  1,259E-03    1,28 mm   454,94 um   404,96 um  
  10,00 keV   4,698E-03  1,182E-03    1,42 mm   487,25 um   439,95 um  
  11,00 keV   4,936E-03  1,115E-03    1,55 mm   517,23 um   473,20 um  
  12,00 keV   5,166E-03  1,056E-03    1,69 mm   545,14 um   504,82 um  
  13,00 keV   5,387E-03  1,004E-03    1,82 mm   571,18 um   534,95 um  
  14,00 keV   5,601E-03  9,575E-04    1,95 mm   595,53 um   563,68 um  
  15,00 keV   5,808E-03  9,157E-04    2,08 mm   618,37 um   591,12 um  
  16,00 keV   6,010E-03  8,779E-04    2,21 mm   639,84 um   617,36 um  
  17,00 keV   6,207E-03  8,435E-04    2,33 mm   660,05 um   642,48 um  
  18,00 keV   6,399E-03  8,121E-04    2,45 mm   679,13 um   666,55 um  
  20,00 keV   6,771E-03  7,566E-04    2,69 mm   714,45 um   711,89 um  
  22,50 keV   7,215E-03  6,982E-04    2,98 mm   753,83 um   763,82 um  
  25,00 keV   7,639E-03  6,492E-04    3,25 mm   788,65 um   811,20 um  
  27,50 keV   8,047E-03  6,074E-04    3,52 mm   819,71 um   854,66 um  
  30,00 keV   8,440E-03  5,713E-04    3,78 mm   847,60 um   894,72 um  
  32,50 keV   8,820E-03  5,396E-04    4,03 mm   872,82 um   931,81 um  
  35,00 keV   9,187E-03  5,117E-04    4,27 mm   895,74 um   966,29 um  
  37,50 keV   9,544E-03  4,868E-04    4,50 mm   916,68 um   998,45 um  
  40,00 keV   9,891E-03  4,645E-04    4,73 mm   935,91 um     1,03 mm  
  45,00 keV   1,057E-02  4,261E-04    5,17 mm   970,81 um     1,08 mm  
  50,00 keV   1,123E-02  3,941E-04    5,59 mm     1,00 mm     1,13 mm  
  55,00 keV   1,185E-02  3,671E-04    5,98 mm     1,03 mm     1,18 mm  
  60,00 keV   1,243E-02  3,439E-04    6,37 mm     1,05 mm     1,22 mm  
  65,00 keV   1,299E-02  3,237E-04    6,73 mm     1,07 mm     1,25 mm  
  70,00 keV   1,351E-02  3,059E-04    7,09 mm     1,09 mm     1,28 mm  
  80,00 keV   1,448E-02  2,762E-04    7,76 mm     1,12 mm     1,34 mm  
  90,00 keV   1,536E-02  2,522E-04    8,40 mm     1,15 mm     1,39 mm  
 100,00 keV   1,615E-02  2,324E-04    9,00 mm     1,18 mm     1,44 mm  
 110,00 keV   1,688E-02  2,157E-04    9,59 mm     1,20 mm     1,48 mm  
 120,00 keV   1,757E-02  2,014E-04   10,15 mm     1,22 mm     1,52 mm  
 130,00 keV   1,822E-02  1,891E-04   10,69 mm     1,23 mm     1,55 mm  
 140,00 keV   1,885E-02  1,783E-04   11,21 mm     1,25 mm     1,58 mm  
 150,00 keV   1,947E-02  1,687E-04   11,72 mm     1,26 mm     1,61 mm  
 160,00 keV   2,007E-02  1,603E-04   12,21 mm     1,27 mm     1,63 mm  
 170,00 keV   2,066E-02  1,527E-04   12,69 mm     1,29 mm     1,66 mm  
 180,00 keV   2,123E-02  1,458E-04   13,16 mm     1,30 mm     1,68 mm  
 200,00 keV   2,235E-02  1,339E-04   14,06 mm     1,32 mm     1,72 mm  
 225,00 keV   2,366E-02  1,217E-04   15,13 mm     1,34 mm     1,76 mm  
 250,00 keV   2,488E-02  1,117E-04   16,14 mm     1,37 mm     1,80 mm  
 275,00 keV   2,601E-02  1,033E-04   17,11 mm     1,38 mm     1,84 mm  
 300,00 keV   2,703E-02  9,620E-05   18,05 mm     1,40 mm     1,87 mm  
 325,00 keV   2,796E-02  9,007E-05   18,94 mm     1,42 mm     1,90 mm  
 350,00 keV   2,878E-02  8,472E-05   19,82 mm     1,43 mm     1,92 mm  
 375,00 keV   2,952E-02  8,001E-05   20,67 mm     1,44 mm     1,95 mm  
 400,00 keV   3,018E-02  7,584E-05   21,50 mm     1,46 mm     1,97 mm  
 450,00 keV   3,125E-02  6,875E-05   23,11 mm     1,49 mm     2,01 mm  
 500,00 keV   3,206E-02  6,295E-05   24,68 mm     1,51 mm     2,05 mm  
 550,00 keV   3,263E-02  5,812E-05   26,22 mm     1,54 mm     2,08 mm  
 600,00 keV   3,302E-02  5,402E-05   27,73 mm     1,56 mm     2,11 mm  
 650,00 keV   3,324E-02  5,049E-05   29,24 mm     1,58 mm     2,14 mm  
 700,00 keV   3,335E-02  4,743E-05   30,73 mm     1,61 mm     2,16 mm  
 800,00 keV   3,327E-02  4,235E-05   33,72 mm     1,67 mm     2,21 mm  
 900,00 keV   3,283E-02  3,831E-05   36,74 mm     1,74 mm     2,26 mm  
   1,00 MeV   3,223E-02  3,502E-05   39,80 mm     1,81 mm     2,30 mm  
   1,10 MeV   3,154E-02  3,228E-05   42,93 mm     1,87 mm     2,35 mm  
   1,20 MeV   3,080E-02  2,996E-05   46,13 mm     1,94 mm     2,39 mm  
   1,30 MeV   3,003E-02  2,797E-05   49,41 mm     2,00 mm     2,43 mm  
   1,40 MeV   2,926E-02  2,624E-05   52,78 mm     2,07 mm     2,47 mm  
   1,50 MeV   2,850E-02  2,473E-05   56,24 mm     2,13 mm     2,52 mm  
   1,60 MeV   2,776E-02  2,339E-05   59,78 mm     2,20 mm     2,56 mm  
   1,70 MeV   2,704E-02  2,219E-05   63,43 mm     2,27 mm     2,60 mm  
   1,80 MeV   2,635E-02  2,112E-05   67,17 mm     2,34 mm     2,65 mm  
   2,00 MeV   2,504E-02  1,928E-05   74,94 mm     2,61 mm     2,74 mm  
   2,25 MeV   2,354E-02  1,740E-05   85,23 mm     3,01 mm     2,86 mm  
   2,50 MeV   2,219E-02  1,588E-05   96,15 mm     3,41 mm     2,98 mm  
   2,75 MeV   2,098E-02  1,461E-05  107,72 mm     3,80 mm     3,11 mm  
   3,00 MeV   1,988E-02  1,354E-05  119,95 mm     4,20 mm     3,25 mm  
   3,25 MeV   1,889E-02  1,262E-05  132,84 mm     4,60 mm     3,40 mm  
   3,50 MeV   1,799E-02  1,183E-05  146,39 mm     5,01 mm     3,56 mm  
   3,75 MeV   1,718E-02  1,113E-05  160,59 mm     5,42 mm     3,73 mm  
   4,00 MeV   1,644E-02  1,052E-05  175,46 mm     5,84 mm     3,91 mm  
   4,50 MeV   1,514E-02  9,485E-06  207,13 mm     7,41 mm     4,29 mm  
   5,00 MeV   1,404E-02  8,643E-06  241,41 mm     8,90 mm     4,71 mm  
   5,50 MeV   1,309E-02  7,945E-06  278,27 mm    10,37 mm     5,17 mm  
   6,00 MeV   1,228E-02  7,357E-06  317,69 mm    11,82 mm     5,66 mm  
   6,50 MeV   1,156E-02  6,853E-06  359,63 mm    13,28 mm     6,19 mm  
   7,00 MeV   1,093E-02  6,418E-06  404,07 mm    14,75 mm     6,75 mm  
   8,00 MeV   9,871E-03  5,700E-06  500,29 mm    20,17 mm     7,99 mm  
   9,00 MeV   9,081E-03  5,133E-06  605,85 mm    25,20 mm     9,35 mm  
  10,00 MeV   8,344E-03  4,673E-06  720,67 mm    30,09 mm    10,83 mm  
  11,00 MeV   7,759E-03  4,292E-06  844,88 mm    34,96 mm    12,43 mm  
  12,00 MeV   7,257E-03  3,971E-06  978,08 mm    39,84 mm    14,15 mm  
  13,00 MeV   6,822E-03  3,697E-06    1,12 m     44,76 mm    15,99 mm  
  14,00 MeV   6,440E-03  3,460E-06    1,27 m     49,72 mm    17,93 mm  
  15,00 MeV   6,103E-03  3,252E-06    1,43 m     54,75 mm    19,98 mm  
  16,00 MeV   5,802E-03  3,070E-06    1,60 m     59,85 mm    22,13 mm  
  17,00 MeV   5,532E-03  2,907E-06    1,77 m     65,02 mm    24,39 mm  
  18,00 MeV   5,288E-03  2,762E-06    1,96 m     70,26 mm    26,75 mm  
  20,00 MeV   4,865E-03  2,512E-06    2,35 m     90,04 mm    31,78 mm  
  22,50 MeV   4,429E-03  2,259E-06    2,89 m    118,35 mm    38,61 mm  
  25,00 MeV   4,071E-03  2,055E-06    3,48 m    145,15 mm    46,05 mm  
  27,50 MeV   3,771E-03  1,886E-06    4,12 m    171,38 mm    54,07 mm  
  30,00 MeV   3,516E-03  1,743E-06    4,80 m    197,48 mm    62,67 mm  
  32,50 MeV   3,296E-03  1,621E-06    5,54 m    223,67 mm    71,84 mm  
  35,00 MeV   3,104E-03  1,516E-06    6,32 m    250,08 mm    81,56 mm  
  37,50 MeV   2,935E-03  1,425E-06    7,15 m    276,79 mm    91,83 mm  
  40,00 MeV   2,785E-03  1,344E-06    8,02 m    303,83 mm   102,64 mm  
  45,00 MeV   2,530E-03  1,208E-06    9,91 m    405,36 mm   125,87 mm  
  50,00 MeV   2,322E-03  1,098E-06   11,97 m    500,78 mm   151,19 mm  
  55,00 MeV   2,148E-03  1,006E-06   14,21 m    593,95 mm   178,55 mm  
  60,00 MeV   2,000E-03  9,299E-07   16,62 m    686,52 mm   207,92 mm  
  65,00 MeV   1,873E-03  8,646E-07   19,20 m    779,34 mm   239,26 mm  
  70,00 MeV   1,763E-03  8,082E-07   21,95 m    872,90 mm   272,53 mm  
  80,00 MeV   1,580E-03  7,156E-07   27,94 m      1,22 m    344,77 mm  
  90,00 MeV   1,435E-03  6,427E-07   34,58 m      1,54 m    424,41 mm  
 100,00 MeV   1,316E-03  5,838E-07   41,86 m      1,86 m    511,26 mm  
 110,00 MeV   1,217E-03  5,351E-07   49,76 m      2,17 m    605,12 mm  
 120,00 MeV   1,134E-03  4,941E-07   58,26 m      2,49 m    705,83 mm  
 130,00 MeV   1,062E-03  4,592E-07   67,37 m      2,81 m    813,25 mm  
 140,00 MeV   1,000E-03  4,291E-07   77,07 m      3,13 m    927,22 mm  
 150,00 MeV   9,459E-04  4,028E-07   87,35 m      3,46 m      1,05 m   
 160,00 MeV   8,978E-04  3,797E-07   98,19 m      3,79 m      1,17 m   
 170,00 MeV   8,550E-04  3,591E-07  109,60 m      4,12 m      1,31 m   
 180,00 MeV   8,166E-04  3,408E-07  121,56 m      4,47 m      1,45 m   
 200,00 MeV   7,505E-04  3,094E-07  147,11 m      5,76 m      1,74 m   
 225,00 MeV   6,834E-04  2,776E-07  182,01 m      7,60 m      2,14 m   
 250,00 MeV   6,289E-04  2,520E-07  220,14 m      9,34 m      2,58 m   
 275,00 MeV   5,836E-04  2,308E-07  261,40 m     11,03 m      3,05 m   
 300,00 MeV   5,455E-04  2,131E-07  305,69 m     12,71 m      3,55 m   
 325,00 MeV   5,129E-04  1,979E-07  352,94 m     14,38 m      4,08 m   
 350,00 MeV   4,847E-04  1,848E-07  403,07 m     16,06 m      4,65 m   
 375,00 MeV   4,601E-04  1,734E-07  455,99 m     17,74 m      5,24 m   
 400,00 MeV   4,383E-04  1,634E-07  511,65 m     19,44 m      5,86 m   
 450,00 MeV   4,017E-04  1,466E-07  630,78 m     25,78 m      7,17 m   
 500,00 MeV   3,721E-04  1,330E-07  760,08 m     31,66 m      8,59 m   
 550,00 MeV   3,477E-04  1,218E-07  899,07 m     37,32 m     10,10 m   
 600,00 MeV   3,271E-04  1,124E-07    1,05 km    42,87 m     11,69 m   
 650,00 MeV   3,096E-04  1,043E-07    1,20 km    48,35 m     13,37 m   
 700,00 MeV   2,945E-04  9,741E-08    1,37 km    53,79 m     15,13 m   
 800,00 MeV   2,697E-04  8,608E-08    1,72 km    73,69 m     18,86 m   
 900,00 MeV   2,503E-04  7,717E-08    2,11 km    91,74 m     22,84 m   
   1,00 GeV   2,348E-04  6,998E-08    2,52 km   108,85 m     27,06 m   
-----------------------------------------------------------
 Multiply Stopping by        for Stopping Units
 -------------------        ------------------
  1,0000E-01                 eV / Angstrom 
  1,0000E+00                keV / micron   
  1,0000E+00                MeV / mm       
  5,9420E+01                keV / (ug/cm2) 
  5,9420E+01                MeV / (mg/cm2) 
  5,9420E+04                keV / (mg/cm2) 
  6,7452E+02                 eV / (1E15 atoms/cm2)
  6,3267E+01                L.S.S. reduced units
 ==================================================================
 (C) 1984,1989,1992,1998,2008 by J.P. Biersack and J.F. Ziegler
