 ==================================================================
              SRIM version ---> SRIM-2013.00
              Calc. date   ---> marzo 19, 2024 
 ==================================================================

 Disk File Name = SRIM Outputs\4He_He_CF4_90_10_1bar.txt

 Ion = Helium [2] , Mass = 4,003 amu

 Target Density =  5,1560E-04 g/cm3 = 3,5049E+19 atoms/cm3
 Target is a GAS 
 ======= Target  Composition ========
    Atom   Atom   Atomic    Mass     
    Name   Numb   Percent   Percent  
    ----   ----   -------   -------  
      C      6    007,14    009,68   
      F      9    028,57    061,27   
     He      2    064,29    029,05   
 ====================================
 Bragg Correction = -4,14%
 Stopping Units =  MeV / mm       
 See bottom of Table for other Stopping units 

        Ion        dE/dx      dE/dx     Projected  Longitudinal   Lateral
       Energy      Elec.      Nuclear     Range     Straggling   Straggling
  --------------  ---------- ---------- ----------  ----------  ----------
999,999 eV    4,253E-03  8,451E-03   44,18 um    28,63 um    21,34 um  
   1,10 keV   4,461E-03  8,273E-03   48,61 um    31,13 um    23,24 um  
   1,20 keV   4,659E-03  8,102E-03   53,08 um    33,60 um    25,14 um  
   1,30 keV   4,850E-03  7,938E-03   57,59 um    36,05 um    27,03 um  
   1,40 keV   5,033E-03  7,782E-03   62,13 um    38,48 um    28,92 um  
   1,50 keV   5,209E-03  7,632E-03   66,70 um    40,89 um    30,80 um  
   1,60 keV   5,380E-03  7,488E-03   71,29 um    43,29 um    32,68 um  
   1,70 keV   5,546E-03  7,351E-03   75,92 um    45,66 um    34,55 um  
   1,80 keV   5,707E-03  7,220E-03   80,57 um    48,01 um    36,42 um  
   2,00 keV   6,015E-03  6,973E-03   89,95 um    52,61 um    40,15 um  
   2,25 keV   6,380E-03  6,692E-03  101,78 um    58,27 um    44,78 um  
   2,50 keV   6,725E-03  6,437E-03  113,72 um    63,82 um    49,36 um  
   2,75 keV   7,054E-03  6,205E-03  125,74 um    69,25 um    53,89 um  
   3,00 keV   7,367E-03  5,992E-03  137,82 um    74,56 um    58,37 um  
   3,25 keV   7,668E-03  5,796E-03  149,97 um    79,75 um    62,79 um  
   3,50 keV   7,958E-03  5,615E-03  162,15 um    84,82 um    67,17 um  
   3,75 keV   8,237E-03  5,448E-03  174,36 um    89,79 um    71,50 um  
   4,00 keV   8,507E-03  5,292E-03  186,60 um    94,64 um    75,77 um  
   4,50 keV   9,023E-03  5,010E-03  211,14 um   103,97 um    84,19 um  
   5,00 keV   9,511E-03  4,763E-03  235,67 um   112,92 um    92,39 um  
   5,50 keV   9,975E-03  4,543E-03  260,17 um   121,50 um   100,37 um  
   6,00 keV   1,042E-02  4,346E-03  284,61 um   129,72 um   108,14 um  
   6,50 keV   1,084E-02  4,168E-03  308,95 um   137,60 um   115,71 um  
   7,00 keV   1,125E-02  4,007E-03  333,19 um   145,17 um   123,09 um  
   8,00 keV   1,203E-02  3,725E-03  381,31 um   159,39 um   137,31 um  
   9,00 keV   1,278E-02  3,486E-03  428,83 um   172,56 um   150,81 um  
  10,00 keV   1,348E-02  3,281E-03  475,68 um   184,79 um   163,64 um  
  11,00 keV   1,416E-02  3,102E-03  521,84 um   196,17 um   175,86 um  
  12,00 keV   1,481E-02  2,944E-03  567,29 um   206,79 um   187,50 um  
  13,00 keV   1,543E-02  2,804E-03  612,05 um   216,73 um   198,61 um  
  14,00 keV   1,604E-02  2,679E-03  656,11 um   226,05 um   209,22 um  
  15,00 keV   1,662E-02  2,566E-03  699,49 um   234,82 um   219,38 um  
  16,00 keV   1,719E-02  2,463E-03  742,21 um   243,07 um   229,11 um  
  17,00 keV   1,774E-02  2,370E-03  784,27 um   250,87 um   238,45 um  
  18,00 keV   1,828E-02  2,284E-03  825,71 um   258,24 um   247,42 um  
  20,00 keV   1,932E-02  2,132E-03  906,77 um   271,90 um   264,35 um  
  22,50 keV   2,056E-02  1,972E-03    1,00 mm   287,19 um   283,83 um  
  25,00 keV   2,174E-02  1,837E-03    1,10 mm   300,79 um   301,68 um  
  27,50 keV   2,286E-02  1,722E-03    1,19 mm   312,97 um   318,13 um  
  30,00 keV   2,394E-02  1,621E-03    1,28 mm   323,96 um   333,35 um  
  32,50 keV   2,498E-02  1,533E-03    1,37 mm   333,95 um   347,50 um  
  35,00 keV   2,599E-02  1,456E-03    1,45 mm   343,06 um   360,70 um  
  37,50 keV   2,696E-02  1,386E-03    1,53 mm   351,42 um   373,06 um  
  40,00 keV   2,790E-02  1,324E-03    1,61 mm   359,12 um   384,66 um  
  45,00 keV   2,973E-02  1,217E-03    1,76 mm   373,09 um   405,92 um  
  50,00 keV   3,156E-02  1,127E-03    1,91 mm   385,17 um   424,92 um  
  55,00 keV   3,325E-02  1,051E-03    2,05 mm   395,73 um   442,04 um  
  60,00 keV   3,484E-02  9,854E-04    2,19 mm   405,09 um   457,59 um  
  65,00 keV   3,635E-02  9,285E-04    2,31 mm   413,44 um   471,83 um  
  70,00 keV   3,777E-02  8,783E-04    2,44 mm   420,97 um   484,94 um  
  80,00 keV   4,042E-02  7,941E-04    2,68 mm   434,63 um   508,37 um  
  90,00 keV   4,283E-02  7,260E-04    2,91 mm   446,17 um   528,81 um  
 100,00 keV   4,504E-02  6,696E-04    3,12 mm   456,10 um   546,91 um  
 110,00 keV   4,709E-02  6,221E-04    3,33 mm   464,78 um   563,14 um  
 120,00 keV   4,902E-02  5,814E-04    3,53 mm   472,47 um   577,83 um  
 130,00 keV   5,085E-02  5,462E-04    3,72 mm   479,36 um   591,22 um  
 140,00 keV   5,261E-02  5,153E-04    3,91 mm   485,57 um   603,53 um  
 150,00 keV   5,431E-02  4,881E-04    4,09 mm   491,21 um   614,89 um  
 160,00 keV   5,596E-02  4,638E-04    4,27 mm   496,36 um   625,43 um  
 170,00 keV   5,757E-02  4,420E-04    4,44 mm   501,10 um   635,25 um  
 180,00 keV   5,913E-02  4,224E-04    4,60 mm   505,48 um   644,44 um  
 200,00 keV   6,212E-02  3,883E-04    4,93 mm   514,27 um   661,16 um  
 225,00 keV   6,560E-02  3,532E-04    5,31 mm   524,29 um   679,54 um  
 250,00 keV   6,882E-02  3,244E-04    5,68 mm   532,93 um   695,70 um  
 275,00 keV   7,178E-02  3,003E-04    6,03 mm   540,52 um   710,09 um  
 300,00 keV   7,448E-02  2,797E-04    6,36 mm   547,29 um   723,06 um  
 325,00 keV   7,691E-02  2,620E-04    6,69 mm   553,38 um   734,86 um  
 350,00 keV   7,911E-02  2,466E-04    7,00 mm   558,94 um   745,69 um  
 375,00 keV   8,108E-02  2,330E-04    7,31 mm   564,06 um   755,71 um  
 400,00 keV   8,283E-02  2,209E-04    7,62 mm   568,81 um   765,05 um  
 450,00 keV   8,576E-02  2,004E-04    8,20 mm   580,38 um   782,04 um  
 500,00 keV   8,801E-02  1,836E-04    8,77 mm   590,81 um   797,27 um  
 550,00 keV   8,969E-02  1,696E-04    9,33 mm   600,40 um   811,17 um  
 600,00 keV   9,088E-02  1,577E-04    9,88 mm   609,36 um   824,01 um  
 650,00 keV   9,168E-02  1,475E-04   10,43 mm   617,84 um   836,03 um  
 700,00 keV   9,214E-02  1,386E-04   10,97 mm   625,96 um   847,39 um  
 800,00 keV   9,231E-02  1,238E-04   12,05 mm   650,37 um   868,58 um  
 900,00 keV   9,139E-02  1,121E-04   13,13 mm   673,74 um   888,36 um  
   1,00 MeV   9,001E-02  1,025E-04   14,23 mm   696,59 um   907,20 um  
   1,10 MeV   8,833E-02  9,452E-05   15,35 mm   719,23 um   925,43 um  
   1,20 MeV   8,648E-02  8,776E-05   16,49 mm   741,85 um   943,29 um  
   1,30 MeV   8,453E-02  8,195E-05   17,66 mm   764,61 um   960,93 um  
   1,40 MeV   8,255E-02  7,691E-05   18,85 mm   787,61 um   978,49 um  
   1,50 MeV   8,056E-02  7,249E-05   20,07 mm   810,92 um   996,06 um  
   1,60 MeV   7,860E-02  6,858E-05   21,33 mm   834,59 um     1,01 mm  
   1,70 MeV   7,670E-02  6,510E-05   22,61 mm   858,67 um     1,03 mm  
   1,80 MeV   7,485E-02  6,197E-05   23,93 mm   883,18 um     1,05 mm  
   2,00 MeV   7,132E-02  5,658E-05   26,66 mm   972,63 um     1,09 mm  
   2,25 MeV   6,723E-02  5,110E-05   30,27 mm     1,11 mm     1,13 mm  
   2,50 MeV   6,351E-02  4,664E-05   34,09 mm     1,24 mm     1,18 mm  
   2,75 MeV   6,014E-02  4,293E-05   38,13 mm     1,38 mm     1,24 mm  
   3,00 MeV   5,708E-02  3,980E-05   42,39 mm     1,51 mm     1,29 mm  
   3,25 MeV   5,431E-02  3,711E-05   46,87 mm     1,65 mm     1,35 mm  
   3,50 MeV   5,179E-02  3,479E-05   51,58 mm     1,79 mm     1,42 mm  
   3,75 MeV   4,949E-02  3,275E-05   56,51 mm     1,93 mm     1,48 mm  
   4,00 MeV   4,740E-02  3,095E-05   61,67 mm     2,08 mm     1,55 mm  
   4,50 MeV   4,371E-02  2,791E-05   72,64 mm     2,61 mm     1,70 mm  
   5,00 MeV   4,058E-02  2,545E-05   84,51 mm     3,13 mm     1,87 mm  
   5,50 MeV   3,790E-02  2,340E-05   97,24 mm     3,63 mm     2,04 mm  
   6,00 MeV   3,557E-02  2,167E-05  110,85 mm     4,13 mm     2,24 mm  
   6,50 MeV   3,353E-02  2,019E-05  125,32 mm     4,63 mm     2,44 mm  
   7,00 MeV   3,173E-02  1,891E-05  140,63 mm     5,14 mm     2,66 mm  
   8,00 MeV   2,869E-02  1,680E-05  173,76 mm     7,00 mm     3,14 mm  
   9,00 MeV   2,642E-02  1,514E-05  210,06 mm     8,72 mm     3,66 mm  
  10,00 MeV   2,430E-02  1,378E-05  249,50 mm    10,40 mm     4,23 mm  
  11,00 MeV   2,262E-02  1,266E-05  292,14 mm    12,07 mm     4,85 mm  
  12,00 MeV   2,117E-02  1,172E-05  337,80 mm    13,75 mm     5,51 mm  
  13,00 MeV   1,992E-02  1,091E-05  386,47 mm    15,43 mm     6,21 mm  
  14,00 MeV   1,882E-02  1,021E-05  438,08 mm    17,13 mm     6,96 mm  
  15,00 MeV   1,784E-02  9,602E-06  492,62 mm    18,85 mm     7,74 mm  
  16,00 MeV   1,697E-02  9,064E-06  550,04 mm    20,60 mm     8,57 mm  
  17,00 MeV   1,619E-02  8,585E-06  610,31 mm    22,37 mm     9,43 mm  
  18,00 MeV   1,549E-02  8,156E-06  673,41 mm    24,16 mm    10,33 mm  
  20,00 MeV   1,426E-02  7,421E-06  807,90 mm    30,90 mm    12,25 mm  
  22,50 MeV   1,300E-02  6,676E-06  991,43 mm    40,53 mm    14,86 mm  
  25,00 MeV   1,196E-02  6,073E-06    1,19 m     49,65 mm    17,69 mm  
  27,50 MeV   1,109E-02  5,574E-06    1,41 m     58,58 mm    20,74 mm  
  30,00 MeV   1,034E-02  5,154E-06    1,64 m     67,45 mm    24,00 mm  
  32,50 MeV   9,699E-03  4,795E-06    1,89 m     76,36 mm    27,48 mm  
  35,00 MeV   9,139E-03  4,485E-06    2,16 m     85,34 mm    31,17 mm  
  37,50 MeV   8,645E-03  4,214E-06    2,44 m     94,41 mm    35,06 mm  
  40,00 MeV   8,207E-03  3,975E-06    2,73 m    103,60 mm    39,15 mm  
  45,00 MeV   7,462E-03  3,573E-06    3,37 m    137,99 mm    47,94 mm  
  50,00 MeV   6,851E-03  3,248E-06    4,07 m    170,32 mm    57,50 mm  
  55,00 MeV   6,341E-03  2,979E-06    4,83 m    201,88 mm    67,83 mm  
  60,00 MeV   5,908E-03  2,753E-06    5,65 m    233,23 mm    78,91 mm  
  65,00 MeV   5,535E-03  2,560E-06    6,52 m    264,67 mm    90,73 mm  
  70,00 MeV   5,211E-03  2,393E-06    7,45 m    296,34 mm   103,26 mm  
  80,00 MeV   4,674E-03  2,119E-06    9,48 m    413,62 mm   130,46 mm  
  90,00 MeV   4,246E-03  1,904E-06   11,72 m    522,86 mm   160,42 mm  
 100,00 MeV   3,897E-03  1,730E-06   14,18 m    629,47 mm   193,06 mm  
 110,00 MeV   3,607E-03  1,585E-06   16,85 m    735,56 mm   228,31 mm  
 120,00 MeV   3,361E-03  1,464E-06   19,72 m    842,15 mm   266,12 mm  
 130,00 MeV   3,150E-03  1,361E-06   22,79 m    949,76 mm   306,42 mm  
 140,00 MeV   2,966E-03  1,272E-06   26,06 m      1,06 m    349,17 mm  
 150,00 MeV   2,806E-03  1,194E-06   29,52 m      1,17 m    394,31 mm  
 160,00 MeV   2,664E-03  1,126E-06   33,18 m      1,28 m    441,79 mm  
 170,00 MeV   2,537E-03  1,065E-06   37,03 m      1,39 m    491,57 mm  
 180,00 MeV   2,424E-03  1,011E-06   41,06 m      1,51 m    543,60 mm  
 200,00 MeV   2,228E-03  9,175E-07   49,66 m      1,94 m    654,33 mm  
 225,00 MeV   2,030E-03  8,235E-07   61,41 m      2,57 m    804,76 mm  
 250,00 MeV   1,868E-03  7,476E-07   74,25 m      3,15 m    968,03 mm  
 275,00 MeV   1,735E-03  6,849E-07   88,13 m      3,72 m      1,14 m   
 300,00 MeV   1,622E-03  6,322E-07  103,03 m      4,28 m      1,33 m   
 325,00 MeV   1,525E-03  5,873E-07  118,92 m      4,85 m      1,53 m   
 350,00 MeV   1,441E-03  5,486E-07  135,78 m      5,41 m      1,74 m   
 375,00 MeV   1,368E-03  5,148E-07  153,57 m      5,98 m      1,96 m   
 400,00 MeV   1,304E-03  4,851E-07  172,28 m      6,55 m      2,19 m   
 450,00 MeV   1,195E-03  4,352E-07  212,32 m      8,68 m      2,68 m   
 500,00 MeV   1,108E-03  3,949E-07  255,76 m     10,66 m      3,21 m   
 550,00 MeV   1,035E-03  3,616E-07  302,45 m     12,56 m      3,77 m   
 600,00 MeV   9,740E-04  3,337E-07  352,24 m     14,42 m      4,37 m   
 650,00 MeV   9,220E-04  3,099E-07  404,98 m     16,26 m      4,99 m   
 700,00 MeV   8,771E-04  2,893E-07  460,57 m     18,09 m      5,65 m   
 800,00 MeV   8,037E-04  2,557E-07  579,66 m     24,77 m      7,04 m   
 900,00 MeV   7,461E-04  2,293E-07  708,79 m     30,83 m      8,52 m   
   1,00 GeV   6,998E-04  2,080E-07  847,16 m     36,57 m     10,09 m   
-----------------------------------------------------------
 Multiply Stopping by        for Stopping Units
 -------------------        ------------------
  1,0000E-01                 eV / Angstrom 
  1,0000E+00                keV / micron   
  1,0000E+00                MeV / mm       
  1,9396E+01                keV / (ug/cm2) 
  1,9396E+01                MeV / (mg/cm2) 
  1,9396E+04                keV / (mg/cm2) 
  2,8531E+02                 eV / (1E15 atoms/cm2)
  2,5983E+01                L.S.S. reduced units
 ==================================================================
 (C) 1984,1989,1992,1998,2008 by J.P. Biersack and J.F. Ziegler
