 ==================================================================
              SRIM version ---> SRIM-2013.00
              Calc. date   ---> mars 26, 2024 
 ==================================================================

 Disk File Name = SRIM Outputs\4He_He97_butane_600mbar.txt

 Ion = Helium [2] , Mass = 4 amu

 Target Density =  1,3850E-04 g/cm3 = 2,0605E+19 atoms/cm3
 Target is a GAS 
 ======= Target  Composition ========
    Atom   Atom   Atomic    Mass     
    Name   Numb   Percent   Percent  
    ----   ----   -------   -------  
     He      2    069,79    069,01   
      H      1    021,58    005,37   
      C      6    008,63    025,61   
 ====================================
 Bragg Correction = 3,27%
 Stopping Units =  MeV / mm       
 See bottom of Table for other Stopping units 

        Ion        dE/dx      dE/dx     Projected  Longitudinal   Lateral
       Energy      Elec.      Nuclear     Range     Straggling   Straggling
  --------------  ---------- ---------- ----------  ----------  ----------
999,999 eV    1,656E-03  4,164E-03  122,98 um    53,27 um    38,14 um  
   1,10 keV   1,737E-03  4,046E-03  135,99 um    58,04 um    41,70 um  
   1,20 keV   1,814E-03  3,935E-03  149,16 um    62,78 um    45,27 um  
   1,30 keV   1,888E-03  3,830E-03  162,48 um    67,49 um    48,87 um  
   1,40 keV   1,959E-03  3,732E-03  175,95 um    72,15 um    52,47 um  
   1,50 keV   2,028E-03  3,639E-03  189,54 um    76,78 um    56,08 um  
   1,60 keV   2,095E-03  3,552E-03  203,24 um    81,36 um    59,71 um  
   1,70 keV   2,159E-03  3,469E-03  217,06 um    85,90 um    63,34 um  
   1,80 keV   2,222E-03  3,391E-03  230,98 um    90,40 um    66,98 um  
   2,00 keV   2,342E-03  3,246E-03  259,10 um    99,27 um    74,28 um  
   2,25 keV   2,484E-03  3,085E-03  294,67 um   110,11 um    83,42 um  
   2,50 keV   2,618E-03  2,942E-03  330,62 um   120,69 um    92,53 um  
   2,75 keV   2,746E-03  2,813E-03  366,87 um   131,00 um   101,61 um  
   3,00 keV   2,868E-03  2,698E-03  403,34 um   141,04 um   110,62 um  
   3,25 keV   2,985E-03  2,593E-03  439,98 um   150,83 um   119,57 um  
   3,50 keV   3,098E-03  2,497E-03  476,74 um   160,35 um   128,44 um  
   3,75 keV   3,207E-03  2,409E-03  513,58 um   169,62 um   137,22 um  
   4,00 keV   3,312E-03  2,328E-03  550,45 um   178,65 um   145,91 um  
   4,50 keV   3,513E-03  2,185E-03  624,23 um   196,05 um   163,00 um  
   5,00 keV   3,703E-03  2,060E-03  697,85 um   212,55 um   179,67 um  
   5,50 keV   3,883E-03  1,951E-03  771,16 um   228,23 um   195,89 um  
   6,00 keV   4,056E-03  1,855E-03  844,06 um   243,13 um   211,67 um  
   6,50 keV   4,222E-03  1,769E-03  916,47 um   257,31 um   227,00 um  
   7,00 keV   4,381E-03  1,692E-03  988,33 um   270,82 um   241,89 um  
   8,00 keV   4,683E-03  1,559E-03    1,13 mm   296,18 um   270,46 um  
   9,00 keV   4,979E-03  1,448E-03    1,27 mm   319,32 um   297,41 um  
  10,00 keV   5,261E-03  1,354E-03    1,41 mm   340,48 um   322,84 um  
  11,00 keV   5,532E-03  1,273E-03    1,54 mm   359,92 um   346,85 um  
  12,00 keV   5,792E-03  1,202E-03    1,67 mm   377,84 um   369,56 um  
  13,00 keV   6,044E-03  1,140E-03    1,80 mm   394,41 um   391,07 um  
  14,00 keV   6,288E-03  1,084E-03    1,92 mm   409,78 um   411,47 um  
  15,00 keV   6,525E-03  1,035E-03    2,05 mm   424,09 um   430,84 um  
  16,00 keV   6,755E-03  9,901E-04    2,17 mm   437,44 um   449,26 um  
  17,00 keV   6,981E-03  9,496E-04    2,28 mm   449,93 um   466,82 um  
  18,00 keV   7,201E-03  9,126E-04    2,40 mm   461,64 um   483,56 um  
  20,00 keV   7,627E-03  8,476E-04    2,63 mm   483,43 um   514,85 um  
  22,50 keV   8,136E-03  7,797E-04    2,89 mm   507,57 um   550,35 um  
  25,00 keV   8,624E-03  7,229E-04    3,15 mm   528,67 um   582,42 um  
  27,50 keV   9,093E-03  6,746E-04    3,40 mm   547,29 um   611,58 um  
  30,00 keV   9,545E-03  6,331E-04    3,64 mm   563,86 um   638,24 um  
  32,50 keV   9,981E-03  5,968E-04    3,87 mm   578,72 um   662,73 um  
  35,00 keV   1,040E-02  5,649E-04    4,09 mm   592,14 um   685,35 um  
  37,50 keV   1,081E-02  5,366E-04    4,31 mm   604,32 um   706,32 um  
  40,00 keV   1,121E-02  5,113E-04    4,52 mm   615,45 um   725,83 um  
  45,00 keV   1,202E-02  4,678E-04    4,92 mm   636,15 um   761,06 um  
  50,00 keV   1,289E-02  4,317E-04    5,29 mm   653,66 um   791,93 um  
  55,00 keV   1,368E-02  4,013E-04    5,65 mm   668,64 um   819,21 um  
  60,00 keV   1,441E-02  3,753E-04    5,99 mm   681,69 um   843,60 um  
  65,00 keV   1,509E-02  3,527E-04    6,31 mm   693,20 um   865,59 um  
  70,00 keV   1,574E-02  3,329E-04    6,62 mm   703,46 um   885,57 um  
  80,00 keV   1,693E-02  2,998E-04    7,21 mm   723,37 um   920,69 um  
  90,00 keV   1,801E-02  2,732E-04    7,76 mm   739,98 um   950,76 um  
 100,00 keV   1,899E-02  2,513E-04    8,29 mm   754,17 um   976,96 um  
 110,00 keV   1,989E-02  2,329E-04    8,79 mm   766,52 um     1,00 mm  
 120,00 keV   2,074E-02  2,172E-04    9,27 mm   777,43 um     1,02 mm  
 130,00 keV   2,155E-02  2,036E-04    9,74 mm   787,16 um     1,04 mm  
 140,00 keV   2,234E-02  1,918E-04   10,18 mm   795,93 um     1,06 mm  
 150,00 keV   2,311E-02  1,814E-04   10,62 mm   803,87 um     1,07 mm  
 160,00 keV   2,386E-02  1,721E-04   11,04 mm   811,13 um     1,09 mm  
 170,00 keV   2,460E-02  1,638E-04   11,44 mm   817,78 um     1,10 mm  
 180,00 keV   2,532E-02  1,563E-04   11,84 mm   823,90 um     1,11 mm  
 200,00 keV   2,672E-02  1,434E-04   12,60 mm   838,24 um     1,13 mm  
 225,00 keV   2,836E-02  1,301E-04   13,50 mm   855,50 um     1,16 mm  
 250,00 keV   2,989E-02  1,193E-04   14,35 mm   870,37 um     1,18 mm  
 275,00 keV   3,131E-02  1,102E-04   15,16 mm   883,41 um     1,20 mm  
 300,00 keV   3,260E-02  1,025E-04   15,93 mm   895,02 um     1,21 mm  
 325,00 keV   3,377E-02  9,589E-05   16,68 mm   905,50 um     1,23 mm  
 350,00 keV   3,481E-02  9,012E-05   17,41 mm   915,07 um     1,24 mm  
 375,00 keV   3,573E-02  8,506E-05   18,11 mm   923,92 um     1,25 mm  
 400,00 keV   3,654E-02  8,056E-05   18,80 mm   932,17 um     1,27 mm  
 450,00 keV   3,784E-02  7,295E-05   20,14 mm   956,66 um     1,29 mm  
 500,00 keV   3,879E-02  6,673E-05   21,44 mm   978,90 um     1,30 mm  
 550,00 keV   3,943E-02  6,155E-05   22,71 mm   999,56 um     1,32 mm  
 600,00 keV   3,982E-02  5,716E-05   23,97 mm     1,02 mm     1,34 mm  
 650,00 keV   4,001E-02  5,339E-05   25,22 mm     1,04 mm     1,35 mm  
 700,00 keV   4,004E-02  5,012E-05   26,46 mm     1,06 mm     1,36 mm  
 800,00 keV   3,973E-02  4,471E-05   28,97 mm     1,12 mm     1,39 mm  
 900,00 keV   3,865E-02  4,041E-05   31,51 mm     1,18 mm     1,41 mm  
   1,00 MeV   3,742E-02  3,690E-05   34,14 mm     1,24 mm     1,43 mm  
   1,10 MeV   3,613E-02  3,399E-05   36,86 mm     1,31 mm     1,46 mm  
   1,20 MeV   3,483E-02  3,153E-05   39,67 mm     1,37 mm     1,48 mm  
   1,30 MeV   3,356E-02  2,941E-05   42,59 mm     1,44 mm     1,50 mm  
   1,40 MeV   3,234E-02  2,758E-05   45,62 mm     1,50 mm     1,53 mm  
   1,50 MeV   3,117E-02  2,598E-05   48,77 mm     1,57 mm     1,55 mm  
   1,60 MeV   3,006E-02  2,456E-05   52,03 mm     1,64 mm     1,57 mm  
   1,70 MeV   2,905E-02  2,330E-05   55,41 mm     1,72 mm     1,60 mm  
   1,80 MeV   2,809E-02  2,216E-05   58,91 mm     1,79 mm     1,62 mm  
   2,00 MeV   2,635E-02  2,021E-05   66,26 mm     2,08 mm     1,68 mm  
   2,25 MeV   2,445E-02  1,823E-05   76,10 mm     2,52 mm     1,75 mm  
   2,50 MeV   2,281E-02  1,662E-05   86,68 mm     2,94 mm     1,83 mm  
   2,75 MeV   2,138E-02  1,529E-05   97,99 mm     3,36 mm     1,91 mm  
   3,00 MeV   2,014E-02  1,416E-05  110,03 mm     3,78 mm     2,00 mm  
   3,25 MeV   1,904E-02  1,320E-05  122,79 mm     4,20 mm     2,10 mm  
   3,50 MeV   1,807E-02  1,236E-05  136,26 mm     4,62 mm     2,21 mm  
   3,75 MeV   1,720E-02  1,163E-05  150,44 mm     5,05 mm     2,33 mm  
   4,00 MeV   1,641E-02  1,099E-05  165,31 mm     5,48 mm     2,45 mm  
   4,50 MeV   1,505E-02  9,899E-06  197,11 mm     7,12 mm     2,71 mm  
   5,00 MeV   1,391E-02  9,016E-06  231,65 mm     8,66 mm     3,01 mm  
   5,50 MeV   1,294E-02  8,284E-06  268,90 mm    10,16 mm     3,33 mm  
   6,00 MeV   1,211E-02  7,667E-06  308,81 mm    11,65 mm     3,68 mm  
   6,50 MeV   1,138E-02  7,140E-06  351,38 mm    13,14 mm     4,06 mm  
   7,00 MeV   1,074E-02  6,683E-06  396,57 mm    14,64 mm     4,47 mm  
   8,00 MeV   9,671E-03  5,932E-06  494,64 mm    20,23 mm     5,36 mm  
   9,00 MeV   8,862E-03  5,339E-06  602,62 mm    25,40 mm     6,34 mm  
  10,00 MeV   8,115E-03  4,859E-06  720,51 mm    30,45 mm     7,41 mm  
  11,00 MeV   7,531E-03  4,461E-06  848,38 mm    35,48 mm     8,58 mm  
  12,00 MeV   7,033E-03  4,126E-06  985,74 mm    40,52 mm     9,84 mm  
  13,00 MeV   6,601E-03  3,840E-06    1,13 m     45,60 mm    11,17 mm  
  14,00 MeV   6,223E-03  3,592E-06    1,29 m     50,74 mm    12,59 mm  
  15,00 MeV   5,890E-03  3,376E-06    1,45 m     55,94 mm    14,09 mm  
  16,00 MeV   5,593E-03  3,185E-06    1,63 m     61,21 mm    15,67 mm  
  17,00 MeV   5,327E-03  3,016E-06    1,81 m     66,57 mm    17,33 mm  
  18,00 MeV   5,088E-03  2,864E-06    2,00 m     72,00 mm    19,07 mm  
  20,00 MeV   4,672E-03  2,605E-06    2,41 m     92,66 mm    22,77 mm  
  22,50 MeV   4,246E-03  2,342E-06    2,97 m    122,26 mm    27,81 mm  
  25,00 MeV   3,896E-03  2,129E-06    3,59 m    150,27 mm    33,31 mm  
  27,50 MeV   3,604E-03  1,953E-06    4,26 m    177,71 mm    39,26 mm  
  30,00 MeV   3,356E-03  1,805E-06    4,97 m    205,03 mm    45,64 mm  
  32,50 MeV   3,142E-03  1,678E-06    5,74 m    232,46 mm    52,46 mm  
  35,00 MeV   2,956E-03  1,569E-06    6,56 m    260,14 mm    59,70 mm  
  37,50 MeV   2,793E-03  1,474E-06    7,43 m    288,14 mm    67,36 mm  
  40,00 MeV   2,648E-03  1,390E-06    8,35 m    316,52 mm    75,43 mm  
  45,00 MeV   2,402E-03  1,249E-06   10,34 m    423,65 mm    92,80 mm  
  50,00 MeV   2,201E-03  1,134E-06   12,51 m    524,32 mm   111,78 mm  
  55,00 MeV   2,034E-03  1,040E-06   14,87 m    622,64 mm   132,31 mm  
  60,00 MeV   1,892E-03  9,606E-07   17,42 m    720,37 mm   154,39 mm  
  65,00 MeV   1,771E-03  8,929E-07   20,15 m    818,42 mm   177,97 mm  
  70,00 MeV   1,665E-03  8,345E-07   23,06 m    917,28 mm   203,04 mm  
  80,00 MeV   1,490E-03  7,386E-07   29,41 m      1,29 m    257,56 mm  
  90,00 MeV   1,352E-03  6,631E-07   36,46 m      1,63 m    317,77 mm  
 100,00 MeV   1,239E-03  6,021E-07   44,18 m      1,96 m    383,53 mm  
-----------------------------------------------------------
 Multiply Stopping by        for Stopping Units
 -------------------        ------------------
  1,0000E-01                 eV / Angstrom 
  1,0000E+00                keV / micron   
  1,0000E+00                MeV / mm       
  7,2205E+01                keV / (ug/cm2) 
  7,2205E+01                MeV / (mg/cm2) 
  7,2205E+04                keV / (mg/cm2) 
  4,8532E+02                 eV / (1E15 atoms/cm2)
  4,8790E+01                L.S.S. reduced units
 ==================================================================
 (C) 1984,1989,1992,1998,2008 by J.P. Biersack and J.F. Ziegler
