 ==================================================================
              SRIM version ---> SRIM-2013.00
              Calc. date   ---> marzo 15, 2024 
 ==================================================================

 Disk File Name = SRIM Outputs\4He_He_CF4_1bar.txt

 Ion = Helium [2] , Mass = 4,003 amu

 Target Density =  3,0210E-04 g/cm3 = 2,8663E+19 atoms/cm3
 Target is a GAS 
 ======= Target  Composition ========
    Atom   Atom   Atomic    Mass     
    Name   Numb   Percent   Percent  
    ----   ----   -------   -------  
      C      6    003,45    006,53   
      F      9    013,79    041,28   
     He      2    082,76    052,19   
 ====================================
 Bragg Correction = -4,14%
 Stopping Units =  MeV / mm       
 See bottom of Table for other Stopping units 

        Ion        dE/dx      dE/dx     Projected  Longitudinal   Lateral
       Energy      Elec.      Nuclear     Range     Straggling   Straggling
  --------------  ---------- ---------- ----------  ----------  ----------
999,999 eV    2,713E-03  6,247E-03   69,52 um    38,06 um    28,01 um  
   1,10 keV   2,846E-03  6,086E-03   76,74 um    41,50 um    30,63 um  
   1,20 keV   2,972E-03  5,935E-03   84,04 um    44,93 um    33,26 um  
   1,30 keV   3,093E-03  5,791E-03   91,40 um    48,33 um    35,89 um  
   1,40 keV   3,210E-03  5,656E-03   98,84 um    51,71 um    38,52 um  
   1,50 keV   3,323E-03  5,528E-03  106,34 um    55,07 um    41,16 um  
   1,60 keV   3,432E-03  5,406E-03  113,90 um    58,41 um    43,79 um  
   1,70 keV   3,537E-03  5,291E-03  121,51 um    61,73 um    46,43 um  
   1,80 keV   3,640E-03  5,182E-03  129,18 um    65,02 um    49,07 um  
   2,00 keV   3,837E-03  4,979E-03  144,65 um    71,50 um    54,37 um  
   2,25 keV   4,070E-03  4,750E-03  164,22 um    79,46 um    60,97 um  
   2,50 keV   4,290E-03  4,546E-03  183,98 um    87,27 um    67,54 um  
   2,75 keV   4,499E-03  4,362E-03  203,90 um    94,93 um    74,06 um  
   3,00 keV   4,699E-03  4,195E-03  223,95 um   102,43 um    80,54 um  
   3,25 keV   4,891E-03  4,043E-03  244,10 um   109,76 um    86,96 um  
   3,50 keV   5,076E-03  3,903E-03  264,33 um   116,94 um    93,32 um  
   3,75 keV   5,254E-03  3,775E-03  284,61 um   123,95 um    99,61 um  
   4,00 keV   5,426E-03  3,657E-03  304,93 um   130,81 um   105,84 um  
   4,50 keV   5,755E-03  3,445E-03  345,65 um   144,03 um   118,11 um  
   5,00 keV   6,067E-03  3,260E-03  386,36 um   156,69 um   130,09 um  
   5,50 keV   6,363E-03  3,097E-03  426,98 um   168,81 um   141,76 um  
   6,00 keV   6,646E-03  2,953E-03  467,46 um   180,40 um   153,14 um  
   6,50 keV   6,917E-03  2,823E-03  507,76 um   191,51 um   164,22 um  
   7,00 keV   7,178E-03  2,707E-03  547,84 um   202,15 um   175,01 um  
   8,00 keV   7,674E-03  2,504E-03  627,29 um   222,16 um   195,81 um  
   9,00 keV   8,155E-03  2,334E-03  705,58 um   240,63 um   215,52 um  
  10,00 keV   8,613E-03  2,189E-03  782,57 um   257,70 um   234,22 um  
  11,00 keV   9,051E-03  2,063E-03  858,24 um   273,53 um   251,98 um  
  12,00 keV   9,473E-03  1,953E-03  932,58 um   288,24 um   268,87 um  
  13,00 keV   9,880E-03  1,856E-03    1,01 mm   301,96 um   284,94 um  
  14,00 keV   1,027E-02  1,769E-03    1,08 mm   314,78 um   300,26 um  
  15,00 keV   1,066E-02  1,691E-03    1,15 mm   326,79 um   314,87 um  
  16,00 keV   1,103E-02  1,621E-03    1,22 mm   338,07 um   328,84 um  
  17,00 keV   1,139E-02  1,557E-03    1,29 mm   348,68 um   342,21 um  
  18,00 keV   1,175E-02  1,498E-03    1,35 mm   358,69 um   355,01 um  
  20,00 keV   1,243E-02  1,395E-03    1,48 mm   377,22 um   379,10 um  
  22,50 keV   1,326E-02  1,286E-03    1,64 mm   397,84 um   406,65 um  
  25,00 keV   1,404E-02  1,195E-03    1,79 mm   416,06 um   431,75 um  
  27,50 keV   1,480E-02  1,118E-03    1,94 mm   432,28 um   454,74 um  
  30,00 keV   1,553E-02  1,051E-03    2,08 mm   446,82 um   475,90 um  
  32,50 keV   1,623E-02  9,923E-04    2,21 mm   459,95 um   495,47 um  
  35,00 keV   1,692E-02  9,406E-04    2,35 mm   471,86 um   513,63 um  
  37,50 keV   1,758E-02  8,946E-04    2,47 mm   482,74 um   530,56 um  
  40,00 keV   1,823E-02  8,534E-04    2,60 mm   492,71 um   546,38 um  
  45,00 keV   1,949E-02  7,824E-04    2,84 mm   510,83 um   575,17 um  
  50,00 keV   2,072E-02  7,234E-04    3,07 mm   526,38 um   600,71 um  
  55,00 keV   2,187E-02  6,735E-04    3,28 mm   539,90 um   623,58 um  
  60,00 keV   2,296E-02  6,307E-04    3,49 mm   551,80 um   644,24 um  
  65,00 keV   2,399E-02  5,935E-04    3,69 mm   562,38 um   663,04 um  
  70,00 keV   2,497E-02  5,608E-04    3,88 mm   571,87 um   680,26 um  
  80,00 keV   2,678E-02  5,061E-04    4,25 mm   589,31 um   710,85 um  
  90,00 keV   2,840E-02  4,619E-04    4,59 mm   603,96 um   737,35 um  
 100,00 keV   2,986E-02  4,254E-04    4,92 mm   616,54 um   760,70 um  
 110,00 keV   3,121E-02  3,948E-04    5,24 mm   627,53 um   781,55 um  
 120,00 keV   3,248E-02  3,686E-04    5,54 mm   637,25 um   800,36 um  
 130,00 keV   3,369E-02  3,459E-04    5,83 mm   645,96 um   817,47 um  
 140,00 keV   3,485E-02  3,261E-04    6,12 mm   653,80 um   833,15 um  
 150,00 keV   3,599E-02  3,086E-04    6,39 mm   660,93 um   847,59 um  
 160,00 keV   3,711E-02  2,930E-04    6,66 mm   667,44 um   860,96 um  
 170,00 keV   3,821E-02  2,791E-04    6,92 mm   673,41 um   873,38 um  
 180,00 keV   3,928E-02  2,665E-04    7,17 mm   678,92 um   884,96 um  
 200,00 keV   4,137E-02  2,447E-04    7,66 mm   690,42 um   905,97 um  
 225,00 keV   4,383E-02  2,224E-04    8,24 mm   703,69 um   928,92 um  
 250,00 keV   4,613E-02  2,040E-04    8,78 mm   715,11 um   948,96 um  
 275,00 keV   4,824E-02  1,887E-04    9,31 mm   725,10 um   966,71 um  
 300,00 keV   5,017E-02  1,757E-04    9,81 mm   733,98 um   982,61 um  
 325,00 keV   5,191E-02  1,644E-04   10,30 mm   741,97 um   997,02 um  
 350,00 keV   5,346E-02  1,546E-04   10,77 mm   749,25 um     1,01 mm  
 375,00 keV   5,485E-02  1,460E-04   11,22 mm   755,95 um     1,02 mm  
 400,00 keV   5,607E-02  1,384E-04   11,67 mm   762,18 um     1,03 mm  
 450,00 keV   5,807E-02  1,254E-04   12,54 mm   778,34 um     1,05 mm  
 500,00 keV   5,955E-02  1,148E-04   13,38 mm   792,95 um     1,07 mm  
 550,00 keV   6,060E-02  1,060E-04   14,21 mm   806,45 um     1,09 mm  
 600,00 keV   6,129E-02  9,850E-05   15,03 mm   819,13 um     1,10 mm  
 650,00 keV   6,169E-02  9,206E-05   15,84 mm   831,22 um     1,12 mm  
 700,00 keV   6,184E-02  8,646E-05   16,64 mm   842,86 um     1,13 mm  
 800,00 keV   6,161E-02  7,719E-05   18,26 mm   880,15 um     1,16 mm  
 900,00 keV   6,075E-02  6,982E-05   19,89 mm   916,13 um     1,18 mm  
   1,00 MeV   5,959E-02  6,381E-05   21,55 mm   951,55 um     1,20 mm  
   1,10 MeV   5,826E-02  5,881E-05   23,24 mm   986,86 um     1,23 mm  
   1,20 MeV   5,684E-02  5,457E-05   24,97 mm     1,02 mm     1,25 mm  
   1,30 MeV   5,538E-02  5,094E-05   26,75 mm     1,06 mm     1,27 mm  
   1,40 MeV   5,393E-02  4,779E-05   28,58 mm     1,09 mm     1,29 mm  
   1,50 MeV   5,250E-02  4,503E-05   30,45 mm     1,13 mm     1,31 mm  
   1,60 MeV   5,110E-02  4,258E-05   32,38 mm     1,17 mm     1,34 mm  
   1,70 MeV   4,976E-02  4,041E-05   34,36 mm     1,21 mm     1,36 mm  
   1,80 MeV   4,846E-02  3,845E-05   36,39 mm     1,25 mm     1,38 mm  
   2,00 MeV   4,602E-02  3,509E-05   40,62 mm     1,39 mm     1,43 mm  
   2,25 MeV   4,323E-02  3,168E-05   46,22 mm     1,61 mm     1,49 mm  
   2,50 MeV   4,072E-02  2,889E-05   52,17 mm     1,83 mm     1,55 mm  
   2,75 MeV   3,847E-02  2,659E-05   58,48 mm     2,05 mm     1,62 mm  
   3,00 MeV   3,644E-02  2,464E-05   65,16 mm     2,27 mm     1,69 mm  
   3,25 MeV   3,461E-02  2,297E-05   72,19 mm     2,49 mm     1,77 mm  
   3,50 MeV   3,296E-02  2,152E-05   79,58 mm     2,71 mm     1,85 mm  
   3,75 MeV   3,146E-02  2,026E-05   87,34 mm     2,94 mm     1,94 mm  
   4,00 MeV   3,009E-02  1,914E-05   95,46 mm     3,17 mm     2,03 mm  
   4,50 MeV   2,770E-02  1,725E-05  112,77 mm     4,03 mm     2,23 mm  
   5,00 MeV   2,567E-02  1,572E-05  131,51 mm     4,85 mm     2,45 mm  
   5,50 MeV   2,394E-02  1,445E-05  151,66 mm     5,65 mm     2,69 mm  
   6,00 MeV   2,244E-02  1,338E-05  173,22 mm     6,44 mm     2,95 mm  
   6,50 MeV   2,113E-02  1,246E-05  196,17 mm     7,24 mm     3,23 mm  
   7,00 MeV   1,997E-02  1,167E-05  220,50 mm     8,05 mm     3,52 mm  
   8,00 MeV   1,803E-02  1,036E-05  273,18 mm    11,02 mm     4,17 mm  
   9,00 MeV   1,658E-02  9,331E-06  331,00 mm    13,77 mm     4,88 mm  
  10,00 MeV   1,523E-02  8,494E-06  393,90 mm    16,45 mm     5,66 mm  
  11,00 MeV   1,416E-02  7,801E-06  461,98 mm    19,12 mm     6,51 mm  
  12,00 MeV   1,324E-02  7,217E-06  535,00 mm    21,80 mm     7,41 mm  
  13,00 MeV   1,244E-02  6,718E-06  612,89 mm    24,49 mm     8,37 mm  
  14,00 MeV   1,174E-02  6,287E-06  695,60 mm    27,22 mm     9,40 mm  
  15,00 MeV   1,112E-02  5,910E-06  783,06 mm    29,98 mm    10,47 mm  
  16,00 MeV   1,057E-02  5,577E-06  875,23 mm    32,77 mm    11,61 mm  
  17,00 MeV   1,008E-02  5,282E-06  972,06 mm    35,61 mm    12,80 mm  
  18,00 MeV   9,632E-03  5,017E-06    1,07 m     38,48 mm    14,04 mm  
  20,00 MeV   8,859E-03  4,564E-06    1,29 m     49,35 mm    16,69 mm  
  22,50 MeV   8,063E-03  4,104E-06    1,59 m     64,91 mm    20,29 mm  
  25,00 MeV   7,410E-03  3,732E-06    1,91 m     79,63 mm    24,21 mm  
  27,50 MeV   6,862E-03  3,425E-06    2,26 m     94,05 mm    28,44 mm  
  30,00 MeV   6,396E-03  3,166E-06    2,64 m    108,39 mm    32,98 mm  
  32,50 MeV   5,994E-03  2,945E-06    3,04 m    122,79 mm    37,81 mm  
  35,00 MeV   5,644E-03  2,754E-06    3,47 m    137,31 mm    42,95 mm  
  37,50 MeV   5,336E-03  2,587E-06    3,93 m    151,99 mm    48,37 mm  
  40,00 MeV   5,063E-03  2,440E-06    4,41 m    166,86 mm    54,08 mm  
  45,00 MeV   4,599E-03  2,193E-06    5,44 m    222,73 mm    66,35 mm  
  50,00 MeV   4,219E-03  1,993E-06    6,58 m    275,25 mm    79,73 mm  
  55,00 MeV   3,902E-03  1,827E-06    7,81 m    326,52 mm    94,19 mm  
  60,00 MeV   3,633E-03  1,688E-06    9,14 m    377,47 mm   109,71 mm  
  65,00 MeV   3,402E-03  1,570E-06   10,56 m    428,56 mm   126,28 mm  
  70,00 MeV   3,201E-03  1,467E-06   12,07 m    480,05 mm   143,88 mm  
  80,00 MeV   2,869E-03  1,299E-06   15,37 m    671,27 mm   182,10 mm  
  90,00 MeV   2,605E-03  1,167E-06   19,03 m    849,38 mm   224,24 mm  
 100,00 MeV   2,389E-03  1,059E-06   23,04 m      1,02 m    270,21 mm  
 110,00 MeV   2,210E-03  9,711E-07   27,39 m      1,20 m    319,90 mm  
 120,00 MeV   2,058E-03  8,967E-07   32,08 m      1,37 m    373,23 mm  
 130,00 MeV   1,928E-03  8,334E-07   37,10 m      1,55 m    430,11 mm  
 140,00 MeV   1,815E-03  7,787E-07   42,44 m      1,72 m    490,48 mm  
 150,00 MeV   1,716E-03  7,309E-07   48,10 m      1,90 m    554,26 mm  
 160,00 MeV   1,629E-03  6,889E-07   54,08 m      2,09 m    621,38 mm  
 170,00 MeV   1,551E-03  6,516E-07   60,37 m      2,27 m    691,78 mm  
 180,00 MeV   1,481E-03  6,183E-07   66,97 m      2,46 m    765,41 mm  
 200,00 MeV   1,361E-03  5,613E-07   81,05 m      3,17 m    922,17 mm  
 225,00 MeV   1,239E-03  5,037E-07  100,29 m      4,19 m      1,14 m   
 250,00 MeV   1,140E-03  4,572E-07  121,32 m      5,15 m      1,37 m   
 275,00 MeV   1,058E-03  4,188E-07  144,07 m      6,08 m      1,62 m   
 300,00 MeV   9,890E-04  3,865E-07  168,51 m      7,00 m      1,88 m   
 325,00 MeV   9,298E-04  3,590E-07  194,57 m      7,93 m      2,16 m   
 350,00 MeV   8,787E-04  3,353E-07  222,22 m      8,85 m      2,46 m   
 375,00 MeV   8,339E-04  3,146E-07  251,42 m      9,78 m      2,78 m   
 400,00 MeV   7,945E-04  2,964E-07  282,12 m     10,72 m      3,10 m   
 450,00 MeV   7,281E-04  2,659E-07  347,86 m     14,21 m      3,80 m   
 500,00 MeV   6,744E-04  2,412E-07  419,20 m     17,46 m      4,55 m   
 550,00 MeV   6,300E-04  2,208E-07  495,90 m     20,58 m      5,35 m   
 600,00 MeV   5,927E-04  2,038E-07  577,71 m     23,64 m      6,20 m   
 650,00 MeV   5,609E-04  1,892E-07  664,41 m     26,67 m      7,09 m   
 700,00 MeV   5,335E-04  1,766E-07  755,79 m     29,67 m      8,03 m   
 800,00 MeV   4,886E-04  1,561E-07  951,64 m     40,66 m     10,01 m   
 900,00 MeV   4,535E-04  1,399E-07    1,16 km    50,62 m     12,12 m   
   1,00 GeV   4,252E-04  1,269E-07    1,39 km    60,06 m     14,36 m   
-----------------------------------------------------------
 Multiply Stopping by        for Stopping Units
 -------------------        ------------------
  1,0000E-01                 eV / Angstrom 
  1,0000E+00                keV / micron   
  1,0000E+00                MeV / mm       
  3,3103E+01                keV / (ug/cm2) 
  3,3103E+01                MeV / (mg/cm2) 
  3,3103E+04                keV / (mg/cm2) 
  3,4889E+02                 eV / (1E15 atoms/cm2)
  3,3105E+01                L.S.S. reduced units
 ==================================================================
 (C) 1984,1989,1992,1998,2008 by J.P. Biersack and J.F. Ziegler
