 ==================================================================
              SRIM version ---> SRIM-2013.00
              Calc. date   ---> mars 26, 2024 
 ==================================================================

 Disk File Name = SRIM Outputs\6He_He97_butane_700mbar.txt

 Ion = Helium [2] , Mass = 6 amu

 Target Density =  1,6160E-04 g/cm3 = 2,4042E+19 atoms/cm3
 Target is a GAS 
 ======= Target  Composition ========
    Atom   Atom   Atomic    Mass     
    Name   Numb   Percent   Percent  
    ----   ----   -------   -------  
     He      2    069,79    069,01   
      H      1    021,58    005,37   
      C      6    008,63    025,61   
 ====================================
 Bragg Correction = 3,27%
 Stopping Units =  MeV / mm       
 See bottom of Table for other Stopping units 

        Ion        dE/dx      dE/dx     Projected  Longitudinal   Lateral
       Energy      Elec.      Nuclear     Range     Straggling   Straggling
  --------------  ---------- ---------- ----------  ----------  ----------
999,999 eV    1,578E-03  6,176E-03   99,70 um    38,14 um    26,99 um  
   1,10 keV   1,655E-03  6,027E-03  110,05 um    41,58 um    29,43 um  
   1,20 keV   1,728E-03  5,885E-03  120,55 um    45,01 um    31,89 um  
   1,30 keV   1,799E-03  5,750E-03  131,18 um    48,43 um    34,36 um  
   1,40 keV   1,867E-03  5,621E-03  141,94 um    51,84 um    36,85 um  
   1,50 keV   1,932E-03  5,498E-03  152,83 um    55,25 um    39,35 um  
   1,60 keV   1,995E-03  5,382E-03  163,84 um    58,63 um    41,87 um  
   1,70 keV   2,057E-03  5,271E-03  174,96 um    62,01 um    44,40 um  
   1,80 keV   2,116E-03  5,164E-03  186,18 um    65,37 um    46,94 um  
   2,00 keV   2,231E-03  4,967E-03  208,95 um    72,06 um    52,08 um  
   2,25 keV   2,366E-03  4,743E-03  237,92 um    80,34 um    58,56 um  
   2,50 keV   2,494E-03  4,542E-03  267,39 um    88,50 um    65,10 um  
   2,75 keV   2,616E-03  4,360E-03  297,29 um    96,56 um    71,69 um  
   3,00 keV   2,732E-03  4,194E-03  327,56 um   104,50 um    78,31 um  
   3,25 keV   2,844E-03  4,043E-03  358,16 um   112,31 um    84,96 um  
   3,50 keV   2,951E-03  3,904E-03  389,04 um   120,00 um    91,61 um  
   3,75 keV   3,055E-03  3,776E-03  420,17 um   127,56 um    98,27 um  
   4,00 keV   3,155E-03  3,658E-03  451,50 um   135,00 um   104,93 um  
   4,50 keV   3,346E-03  3,445E-03  514,69 um   149,55 um   118,23 um  
   5,00 keV   3,527E-03  3,260E-03  578,37 um   163,60 um   131,43 um  
   5,50 keV   3,700E-03  3,097E-03  642,38 um   177,16 um   144,51 um  
   6,00 keV   3,864E-03  2,952E-03  706,57 um   190,23 um   157,44 um  
   6,50 keV   4,022E-03  2,822E-03  770,83 um   202,85 um   170,19 um  
   7,00 keV   4,174E-03  2,705E-03  835,07 um   215,02 um   182,75 um  
   8,00 keV   4,462E-03  2,501E-03  963,28 um   238,32 um   207,29 um  
   9,00 keV   4,732E-03  2,330E-03    1,09 mm   260,05 um   230,99 um  
  10,00 keV   4,988E-03  2,184E-03    1,22 mm   280,35 um   253,82 um  
  11,00 keV   5,232E-03  2,058E-03    1,34 mm   299,36 um   275,80 um  
  12,00 keV   5,465E-03  1,947E-03    1,47 mm   317,19 um   296,95 um  
  13,00 keV   5,696E-03  1,850E-03    1,59 mm   333,94 um   317,30 um  
  14,00 keV   5,921E-03  1,763E-03    1,71 mm   349,70 um   336,88 um  
  15,00 keV   6,139E-03  1,684E-03    1,83 mm   364,54 um   355,71 um  
  16,00 keV   6,350E-03  1,614E-03    1,94 mm   378,54 um   373,83 um  
  17,00 keV   6,557E-03  1,549E-03    2,06 mm   391,78 um   391,27 um  
  18,00 keV   6,758E-03  1,491E-03    2,17 mm   404,32 um   408,08 um  
  20,00 keV   7,148E-03  1,387E-03    2,39 mm   427,95 um   439,91 um  
  22,50 keV   7,613E-03  1,279E-03    2,66 mm   454,59 um   476,66 um  
  25,00 keV   8,058E-03  1,188E-03    2,92 mm   478,24 um   510,42 um  
  27,50 keV   8,486E-03  1,110E-03    3,18 mm   499,40 um   541,55 um  
  30,00 keV   8,899E-03  1,043E-03    3,42 mm   518,46 um   570,37 um  
  32,50 keV   9,298E-03  9,845E-04    3,65 mm   535,73 um   597,13 um  
  35,00 keV   9,686E-03  9,329E-04    3,88 mm   551,46 um   622,07 um  
  37,50 keV   1,006E-02  8,869E-04    4,11 mm   565,85 um   645,38 um  
  40,00 keV   1,043E-02  8,458E-04    4,32 mm   579,08 um   667,23 um  
  45,00 keV   1,114E-02  7,751E-04    4,74 mm   603,90 um   707,12 um  
  50,00 keV   1,181E-02  7,163E-04    5,14 mm   625,30 um   742,67 um  
  55,00 keV   1,246E-02  6,666E-04    5,51 mm   643,99 um   774,62 um  
  60,00 keV   1,308E-02  6,240E-04    5,88 mm   660,48 um   803,56 um  
  65,00 keV   1,363E-02  5,870E-04    6,23 mm   675,21 um   829,96 um  
  70,00 keV   1,438E-02  5,545E-04    6,56 mm   688,34 um   854,06 um  
  80,00 keV   1,566E-02  5,001E-04    7,19 mm   713,25 um   896,35 um  
  90,00 keV   1,681E-02  4,563E-04    7,78 mm   733,78 um   932,48 um  
 100,00 keV   1,787E-02  4,201E-04    8,33 mm   751,15 um   963,89 um  
 110,00 keV   1,884E-02  3,896E-04    8,86 mm   766,13 um   991,58 um  
 120,00 keV   1,976E-02  3,637E-04    9,36 mm   779,24 um     1,02 mm  
 130,00 keV   2,061E-02  3,412E-04    9,84 mm   790,86 um     1,04 mm  
 140,00 keV   2,140E-02  3,216E-04   10,31 mm   801,29 um     1,06 mm  
 150,00 keV   2,215E-02  3,043E-04   10,75 mm   810,72 um     1,08 mm  
 160,00 keV   2,286E-02  2,889E-04   11,19 mm   819,32 um     1,09 mm  
 170,00 keV   2,354E-02  2,751E-04   11,61 mm   827,22 um     1,11 mm  
 180,00 keV   2,420E-02  2,626E-04   12,02 mm   834,52 um     1,12 mm  
 200,00 keV   2,546E-02  2,411E-04   12,81 mm   851,20 um     1,15 mm  
 225,00 keV   2,696E-02  2,190E-04   13,75 mm   871,18 um     1,18 mm  
 250,00 keV   2,842E-02  2,009E-04   14,64 mm   888,39 um     1,20 mm  
 275,00 keV   2,982E-02  1,857E-04   15,49 mm   903,44 um     1,23 mm  
 300,00 keV   3,117E-02  1,728E-04   16,30 mm   916,74 um     1,25 mm  
 325,00 keV   3,246E-02  1,618E-04   17,08 mm   928,64 um     1,26 mm  
 350,00 keV   3,369E-02  1,521E-04   17,83 mm   939,37 um     1,28 mm  
 375,00 keV   3,487E-02  1,436E-04   18,56 mm   949,15 um     1,29 mm  
 400,00 keV   3,599E-02  1,361E-04   19,26 mm   958,10 um     1,31 mm  
 450,00 keV   3,804E-02  1,233E-04   20,60 mm   983,21 um     1,33 mm  
 500,00 keV   3,982E-02  1,129E-04   21,88 mm     1,01 mm     1,35 mm  
 550,00 keV   4,135E-02  1,041E-04   23,10 mm     1,02 mm     1,37 mm  
 600,00 keV   4,263E-02  9,676E-05   24,29 mm     1,04 mm     1,39 mm  
 650,00 keV   4,370E-02  9,042E-05   25,44 mm     1,06 mm     1,40 mm  
 700,00 keV   4,457E-02  8,491E-05   26,57 mm     1,07 mm     1,41 mm  
 800,00 keV   4,579E-02  7,578E-05   28,78 mm     1,12 mm     1,44 mm  
 900,00 keV   4,646E-02  6,853E-05   30,94 mm     1,17 mm     1,46 mm  
   1,00 MeV   4,671E-02  6,262E-05   33,08 mm     1,21 mm     1,48 mm  
   1,10 MeV   4,665E-02  5,770E-05   35,22 mm     1,25 mm     1,50 mm  
   1,20 MeV   4,636E-02  5,354E-05   37,36 mm     1,29 mm     1,52 mm  
   1,30 MeV   4,554E-02  4,997E-05   39,54 mm     1,33 mm     1,53 mm  
   1,40 MeV   4,463E-02  4,687E-05   41,75 mm     1,37 mm     1,55 mm  
   1,50 MeV   4,366E-02  4,416E-05   44,01 mm     1,41 mm     1,56 mm  
   1,60 MeV   4,266E-02  4,176E-05   46,33 mm     1,45 mm     1,58 mm  
   1,70 MeV   4,165E-02  3,962E-05   48,70 mm     1,50 mm     1,60 mm  
   1,80 MeV   4,064E-02  3,770E-05   51,12 mm     1,54 mm     1,61 mm  
   2,00 MeV   3,868E-02  3,440E-05   56,16 mm     1,70 mm     1,64 mm  
   2,25 MeV   3,637E-02  3,104E-05   62,82 mm     1,95 mm     1,68 mm  
   2,50 MeV   3,428E-02  2,831E-05   69,90 mm     2,20 mm     1,73 mm  
   2,75 MeV   3,242E-02  2,605E-05   77,39 mm     2,45 mm     1,77 mm  
   3,00 MeV   3,074E-02  2,413E-05   85,30 mm     2,70 mm     1,82 mm  
   3,25 MeV   2,923E-02  2,250E-05   93,64 mm     2,95 mm     1,87 mm  
   3,50 MeV   2,785E-02  2,108E-05  102,39 mm     3,21 mm     1,92 mm  
   3,75 MeV   2,661E-02  1,984E-05  111,57 mm     3,47 mm     1,98 mm  
   4,00 MeV   2,548E-02  1,874E-05  121,17 mm     3,73 mm     2,04 mm  
   4,50 MeV   2,350E-02  1,689E-05  141,59 mm     4,73 mm     2,16 mm  
   5,00 MeV   2,182E-02  1,539E-05  163,66 mm     5,68 mm     2,30 mm  
   5,50 MeV   2,039E-02  1,414E-05  187,35 mm     6,61 mm     2,46 mm  
   6,00 MeV   1,915E-02  1,309E-05  212,65 mm     7,53 mm     2,63 mm  
   6,50 MeV   1,806E-02  1,219E-05  239,52 mm     8,45 mm     2,81 mm  
   7,00 MeV   1,709E-02  1,142E-05  267,97 mm     9,38 mm     3,01 mm  
   8,00 MeV   1,546E-02  1,014E-05  329,47 mm    12,82 mm     3,45 mm  
   9,00 MeV   1,413E-02  9,128E-06  397,11 mm    16,02 mm     3,94 mm  
  10,00 MeV   1,302E-02  8,309E-06  470,80 mm    19,15 mm     4,48 mm  
  11,00 MeV   1,209E-02  7,630E-06  550,48 mm    22,25 mm     5,07 mm  
  12,00 MeV   1,128E-02  7,058E-06  636,07 mm    25,36 mm     5,70 mm  
  13,00 MeV   1,065E-02  6,570E-06  727,24 mm    28,49 mm     6,39 mm  
  14,00 MeV   1,003E-02  6,147E-06  823,96 mm    31,64 mm     7,11 mm  
  15,00 MeV   9,468E-03  5,778E-06  926,56 mm    34,85 mm     7,88 mm  
  16,00 MeV   9,002E-03  5,453E-06    1,03 m     38,11 mm     8,70 mm  
  17,00 MeV   8,584E-03  5,164E-06    1,15 m     41,41 mm     9,55 mm  
  18,00 MeV   8,206E-03  4,905E-06    1,27 m     44,76 mm    10,45 mm  
  20,00 MeV   7,549E-03  4,461E-06    1,52 m     57,49 mm    12,36 mm  
  22,50 MeV   6,872E-03  4,012E-06    1,87 m     75,72 mm    14,96 mm  
  25,00 MeV   6,316E-03  3,648E-06    2,25 m     92,93 mm    17,80 mm  
  27,50 MeV   5,849E-03  3,347E-06    2,66 m    109,76 mm    20,87 mm  
  30,00 MeV   5,451E-03  3,093E-06    3,10 m    126,50 mm    24,16 mm  
  32,50 MeV   5,109E-03  2,877E-06    3,58 m    143,29 mm    27,67 mm  
  35,00 MeV   4,810E-03  2,690E-06    4,08 m    160,22 mm    31,39 mm  
  37,50 MeV   4,546E-03  2,527E-06    4,61 m    177,33 mm    35,33 mm  
  40,00 MeV   4,313E-03  2,384E-06    5,18 m    194,66 mm    39,48 mm  
  45,00 MeV   3,916E-03  2,142E-06    6,40 m    260,18 mm    48,39 mm  
  50,00 MeV   3,591E-03  1,946E-06    7,73 m    321,72 mm    58,12 mm  
  55,00 MeV   3,319E-03  1,785E-06    9,18 m    381,78 mm    68,65 mm  
  60,00 MeV   3,089E-03  1,649E-06   10,74 m    441,47 mm    79,95 mm  
  65,00 MeV   2,891E-03  1,533E-06   12,41 m    501,33 mm    92,03 mm  
  70,00 MeV   2,719E-03  1,433E-06   14,19 m    561,67 mm   104,86 mm  
  80,00 MeV   2,434E-03  1,268E-06   18,08 m    786,93 mm   132,75 mm  
  90,00 MeV   2,208E-03  1,139E-06   22,39 m    996,76 mm   163,55 mm  
 100,00 MeV   2,023E-03  1,034E-06   27,12 m      1,20 m    197,20 mm  
-----------------------------------------------------------
 Multiply Stopping by        for Stopping Units
 -------------------        ------------------
  1,0000E-01                 eV / Angstrom 
  1,0000E+00                keV / micron   
  1,0000E+00                MeV / mm       
  6,1883E+01                keV / (ug/cm2) 
  6,1883E+01                MeV / (mg/cm2) 
  6,1883E+04                keV / (mg/cm2) 
  4,1594E+02                 eV / (1E15 atoms/cm2)
  3,4805E+01                L.S.S. reduced units
 ==================================================================
 (C) 1984,1989,1992,1998,2008 by J.P. Biersack and J.F. Ziegler
