 ==================================================================
              SRIM version ---> SRIM-2013.00
              Calc. date   ---> mars 26, 2024 
 ==================================================================

 Disk File Name = SRIM Outputs\6He_He_butane_600mbar.txt

 Ion = Helium [2] , Mass = 6 amu

 Target Density =  1,3850E-04 g/cm3 = 2,0605E+19 atoms/cm3
 Target is a GAS 
 ======= Target  Composition ========
    Atom   Atom   Atomic    Mass     
    Name   Numb   Percent   Percent  
    ----   ----   -------   -------  
     He      2    069,79    069,01   
      H      1    021,58    005,37   
      C      6    008,63    025,61   
 ====================================
 Bragg Correction = 3,27%
 Stopping Units =  MeV / mm       
 See bottom of Table for other Stopping units 

        Ion        dE/dx      dE/dx     Projected  Longitudinal   Lateral
       Energy      Elec.      Nuclear     Range     Straggling   Straggling
  --------------  ---------- ---------- ----------  ----------  ----------
999,999 eV    1,352E-03  5,293E-03  116,33 um    44,50 um    31,49 um  
   1,10 keV   1,418E-03  5,166E-03  128,41 um    48,51 um    34,34 um  
   1,20 keV   1,481E-03  5,044E-03  140,65 um    52,52 um    37,21 um  
   1,30 keV   1,542E-03  4,928E-03  153,06 um    56,51 um    40,09 um  
   1,40 keV   1,600E-03  4,818E-03  165,61 um    60,49 um    43,00 um  
   1,50 keV   1,656E-03  4,712E-03  178,32 um    64,46 um    45,91 um  
   1,60 keV   1,710E-03  4,612E-03  191,16 um    68,41 um    48,85 um  
   1,70 keV   1,763E-03  4,517E-03  204,14 um    72,35 um    51,80 um  
   1,80 keV   1,814E-03  4,426E-03  217,24 um    76,28 um    54,77 um  
   2,00 keV   1,912E-03  4,257E-03  243,80 um    84,08 um    60,76 um  
   2,25 keV   2,028E-03  4,065E-03  277,60 um    93,73 um    68,33 um  
   2,50 keV   2,138E-03  3,892E-03  311,98 um   103,27 um    75,96 um  
   2,75 keV   2,242E-03  3,736E-03  346,87 um   112,67 um    83,65 um  
   3,00 keV   2,342E-03  3,595E-03  382,19 um   121,93 um    91,37 um  
   3,25 keV   2,437E-03  3,465E-03  417,90 um   131,04 um    99,12 um  
   3,50 keV   2,529E-03  3,346E-03  453,93 um   140,02 um   106,89 um  
   3,75 keV   2,618E-03  3,236E-03  490,25 um   148,84 um   114,66 um  
   4,00 keV   2,704E-03  3,135E-03  526,80 um   157,52 um   122,43 um  
   4,50 keV   2,868E-03  2,953E-03  600,53 um   174,50 um   137,95 um  
   5,00 keV   3,023E-03  2,794E-03  674,84 um   190,89 um   153,36 um  
   5,50 keV   3,171E-03  2,654E-03  749,52 um   206,70 um   168,62 um  
   6,00 keV   3,312E-03  2,530E-03  824,41 um   221,96 um   183,70 um  
   6,50 keV   3,447E-03  2,419E-03  899,39 um   236,68 um   198,57 um  
   7,00 keV   3,577E-03  2,318E-03  974,35 um   250,88 um   213,22 um  
   8,00 keV   3,824E-03  2,144E-03    1,12 mm   278,07 um   241,86 um  
   9,00 keV   4,056E-03  1,997E-03    1,27 mm   303,42 um   269,51 um  
  10,00 keV   4,275E-03  1,872E-03    1,42 mm   327,11 um   296,15 um  
  11,00 keV   4,484E-03  1,764E-03    1,57 mm   349,29 um   321,80 um  
  12,00 keV   4,683E-03  1,669E-03    1,71 mm   370,10 um   346,48 um  
  13,00 keV   4,882E-03  1,585E-03    1,85 mm   389,64 um   370,23 um  
  14,00 keV   5,075E-03  1,511E-03    1,99 mm   408,02 um   393,06 um  
  15,00 keV   5,261E-03  1,444E-03    2,13 mm   425,34 um   415,03 um  
  16,00 keV   5,443E-03  1,383E-03    2,27 mm   441,68 um   436,18 um  
  17,00 keV   5,619E-03  1,328E-03    2,40 mm   457,13 um   456,53 um  
  18,00 keV   5,792E-03  1,278E-03    2,53 mm   471,75 um   476,14 um  
  20,00 keV   6,126E-03  1,189E-03    2,79 mm   499,33 um   513,28 um  
  22,50 keV   6,525E-03  1,096E-03    3,11 mm   530,41 um   556,17 um  
  25,00 keV   6,906E-03  1,018E-03    3,41 mm   558,01 um   595,55 um  
  27,50 keV   7,273E-03  9,513E-04    3,71 mm   582,70 um   631,88 um  
  30,00 keV   7,627E-03  8,939E-04    3,99 mm   604,93 um   665,50 um  
  32,50 keV   7,969E-03  8,437E-04    4,26 mm   625,08 um   696,73 um  
  35,00 keV   8,301E-03  7,995E-04    4,53 mm   643,43 um   725,83 um  
  37,50 keV   8,624E-03  7,602E-04    4,79 mm   660,23 um   753,02 um  
  40,00 keV   8,939E-03  7,249E-04    5,04 mm   675,67 um   778,52 um  
  45,00 keV   9,545E-03  6,643E-04    5,53 mm   704,62 um   825,05 um  
  50,00 keV   1,012E-02  6,139E-04    5,99 mm   729,59 um   866,54 um  
  55,00 keV   1,068E-02  5,713E-04    6,43 mm   751,40 um   903,82 um  
  60,00 keV   1,121E-02  5,348E-04    6,86 mm   770,64 um   937,58 um  
  65,00 keV   1,168E-02  5,031E-04    7,26 mm   787,82 um   968,38 um  
  70,00 keV   1,232E-02  4,752E-04    7,66 mm   803,14 um   996,51 um  
  80,00 keV   1,342E-02  4,286E-04    8,39 mm   832,21 um     1,05 mm  
  90,00 keV   1,441E-02  3,910E-04    9,08 mm   856,17 um     1,09 mm  
 100,00 keV   1,531E-02  3,600E-04    9,72 mm   876,44 um     1,12 mm  
 110,00 keV   1,615E-02  3,339E-04   10,34 mm   893,91 um     1,16 mm  
 120,00 keV   1,693E-02  3,117E-04   10,92 mm   909,20 um     1,19 mm  
 130,00 keV   1,766E-02  2,924E-04   11,48 mm   922,77 um     1,21 mm  
 140,00 keV   1,834E-02  2,756E-04   12,02 mm   934,93 um     1,24 mm  
 150,00 keV   1,899E-02  2,608E-04   12,55 mm   945,94 um     1,26 mm  
 160,00 keV   1,960E-02  2,476E-04   13,05 mm   955,98 um     1,28 mm  
 170,00 keV   2,018E-02  2,357E-04   13,55 mm   965,19 um     1,29 mm  
 180,00 keV   2,074E-02  2,251E-04   14,03 mm   973,70 um     1,31 mm  
 200,00 keV   2,182E-02  2,066E-04   14,95 mm   993,17 um     1,34 mm  
 225,00 keV   2,311E-02  1,877E-04   16,05 mm     1,02 mm     1,38 mm  
 250,00 keV   2,435E-02  1,722E-04   17,09 mm     1,04 mm     1,41 mm  
 275,00 keV   2,556E-02  1,592E-04   18,08 mm     1,05 mm     1,43 mm  
 300,00 keV   2,672E-02  1,481E-04   19,02 mm     1,07 mm     1,45 mm  
 325,00 keV   2,782E-02  1,386E-04   19,93 mm     1,08 mm     1,47 mm  
 350,00 keV   2,888E-02  1,304E-04   20,81 mm     1,10 mm     1,49 mm  
 375,00 keV   2,989E-02  1,231E-04   21,65 mm     1,11 mm     1,51 mm  
 400,00 keV   3,085E-02  1,166E-04   22,47 mm     1,12 mm     1,53 mm  
 450,00 keV   3,260E-02  1,057E-04   24,03 mm     1,15 mm     1,55 mm  
 500,00 keV   3,413E-02  9,672E-05   25,52 mm     1,17 mm     1,58 mm  
 550,00 keV   3,544E-02  8,926E-05   26,95 mm     1,20 mm     1,60 mm  
 600,00 keV   3,654E-02  8,293E-05   28,34 mm     1,22 mm     1,62 mm  
 650,00 keV   3,745E-02  7,749E-05   29,68 mm     1,24 mm     1,63 mm  
 700,00 keV   3,820E-02  7,277E-05   31,00 mm     1,25 mm     1,65 mm  
 800,00 keV   3,925E-02  6,495E-05   33,58 mm     1,31 mm     1,68 mm  
 900,00 keV   3,982E-02  5,874E-05   36,10 mm     1,37 mm     1,70 mm  
   1,00 MeV   4,003E-02  5,367E-05   38,60 mm     1,42 mm     1,73 mm  
   1,10 MeV   3,998E-02  4,945E-05   41,09 mm     1,46 mm     1,75 mm  
   1,20 MeV   3,973E-02  4,588E-05   43,59 mm     1,51 mm     1,77 mm  
   1,30 MeV   3,903E-02  4,283E-05   46,13 mm     1,56 mm     1,79 mm  
   1,40 MeV   3,825E-02  4,017E-05   48,71 mm     1,60 mm     1,81 mm  
   1,50 MeV   3,742E-02  3,784E-05   51,35 mm     1,65 mm     1,83 mm  
   1,60 MeV   3,656E-02  3,579E-05   54,05 mm     1,70 mm     1,84 mm  
   1,70 MeV   3,569E-02  3,395E-05   56,82 mm     1,74 mm     1,86 mm  
   1,80 MeV   3,483E-02  3,231E-05   59,65 mm     1,79 mm     1,88 mm  
   2,00 MeV   3,315E-02  2,948E-05   65,53 mm     1,98 mm     1,92 mm  
   2,25 MeV   3,117E-02  2,660E-05   73,30 mm     2,28 mm     1,97 mm  
   2,50 MeV   2,938E-02  2,427E-05   81,56 mm     2,57 mm     2,02 mm  
   2,75 MeV   2,779E-02  2,232E-05   90,30 mm     2,86 mm     2,07 mm  
   3,00 MeV   2,635E-02  2,068E-05   99,53 mm     3,15 mm     2,12 mm  
   3,25 MeV   2,505E-02  1,928E-05  109,26 mm     3,44 mm     2,18 mm  
   3,50 MeV   2,387E-02  1,806E-05  119,47 mm     3,74 mm     2,24 mm  
   3,75 MeV   2,281E-02  1,700E-05  130,18 mm     4,05 mm     2,31 mm  
   4,00 MeV   2,184E-02  1,606E-05  141,38 mm     4,35 mm     2,37 mm  
   4,50 MeV   2,014E-02  1,448E-05  165,21 mm     5,52 mm     2,52 mm  
   5,00 MeV   1,871E-02  1,319E-05  190,96 mm     6,63 mm     2,69 mm  
   5,50 MeV   1,748E-02  1,212E-05  218,60 mm     7,71 mm     2,87 mm  
   6,00 MeV   1,641E-02  1,122E-05  248,11 mm     8,79 mm     3,07 mm  
   6,50 MeV   1,548E-02  1,045E-05  279,47 mm     9,86 mm     3,28 mm  
   7,00 MeV   1,465E-02  9,786E-06  312,67 mm    10,94 mm     3,51 mm  
   8,00 MeV   1,325E-02  8,689E-06  384,42 mm    14,96 mm     4,02 mm  
   9,00 MeV   1,211E-02  7,823E-06  463,34 mm    18,70 mm     4,59 mm  
  10,00 MeV   1,116E-02  7,121E-06  549,32 mm    22,34 mm     5,22 mm  
  11,00 MeV   1,036E-02  6,539E-06  642,29 mm    25,96 mm     5,91 mm  
  12,00 MeV   9,671E-03  6,049E-06  742,16 mm    29,59 mm     6,66 mm  
  13,00 MeV   9,132E-03  5,631E-06  848,53 mm    33,24 mm     7,45 mm  
  14,00 MeV   8,592E-03  5,269E-06  961,39 mm    36,92 mm     8,30 mm  
  15,00 MeV   8,115E-03  4,952E-06    1,08 m     40,67 mm     9,20 mm  
  16,00 MeV   7,715E-03  4,673E-06    1,21 m     44,47 mm    10,15 mm  
  17,00 MeV   7,357E-03  4,426E-06    1,34 m     48,32 mm    11,15 mm  
  18,00 MeV   7,033E-03  4,204E-06    1,48 m     52,22 mm    12,19 mm  
  20,00 MeV   6,470E-03  3,823E-06    1,78 m     67,08 mm    14,42 mm  
  22,50 MeV   5,890E-03  3,438E-06    2,18 m     88,34 mm    17,46 mm  
  25,00 MeV   5,413E-03  3,126E-06    2,62 m    108,43 mm    20,77 mm  
  27,50 MeV   5,013E-03  2,868E-06    3,10 m    128,07 mm    24,35 mm  
  30,00 MeV   4,672E-03  2,651E-06    3,62 m    147,60 mm    28,19 mm  
  32,50 MeV   4,378E-03  2,466E-06    4,17 m    167,19 mm    32,28 mm  
  35,00 MeV   4,122E-03  2,306E-06    4,76 m    186,94 mm    36,63 mm  
  37,50 MeV   3,896E-03  2,166E-06    5,38 m    206,91 mm    41,22 mm  
  40,00 MeV   3,696E-03  2,043E-06    6,04 m    227,13 mm    46,06 mm  
  45,00 MeV   3,356E-03  1,836E-06    7,46 m    303,57 mm    56,47 mm  
  50,00 MeV   3,077E-03  1,668E-06    9,02 m    375,37 mm    67,82 mm  
  55,00 MeV   2,845E-03  1,530E-06   10,71 m    445,46 mm    80,10 mm  
  60,00 MeV   2,648E-03  1,413E-06   12,53 m    515,10 mm    93,29 mm  
  65,00 MeV   2,478E-03  1,314E-06   14,48 m    584,94 mm   107,37 mm  
  70,00 MeV   2,331E-03  1,228E-06   16,56 m    655,34 mm   122,34 mm  
  80,00 MeV   2,086E-03  1,087E-06   21,09 m    918,18 mm   154,89 mm  
  90,00 MeV   1,892E-03  9,762E-07   26,13 m      1,16 m    190,83 mm  
 100,00 MeV   1,734E-03  8,865E-07   31,65 m      1,40 m    230,09 mm  
-----------------------------------------------------------
 Multiply Stopping by        for Stopping Units
 -------------------        ------------------
  1,0000E-01                 eV / Angstrom 
  1,0000E+00                keV / micron   
  1,0000E+00                MeV / mm       
  7,2205E+01                keV / (ug/cm2) 
  7,2205E+01                MeV / (mg/cm2) 
  7,2205E+04                keV / (mg/cm2) 
  4,8532E+02                 eV / (1E15 atoms/cm2)
  4,0610E+01                L.S.S. reduced units
 ==================================================================
 (C) 1984,1989,1992,1998,2008 by J.P. Biersack and J.F. Ziegler
