 ==================================================================
              SRIM version ---> SRIM-2013.00
              Calc. date   ---> avril 03, 2024 
 ==================================================================

 Disk File Name = SRIM Outputs\6He_He97_butane_900mbar.txt

 Ion = Helium [2] , Mass = 6 amu

 Target Density =  2,0780E-04 g/cm3 = 3,0915E+19 atoms/cm3
 Target is a GAS 
 ======= Target  Composition ========
    Atom   Atom   Atomic    Mass     
    Name   Numb   Percent   Percent  
    ----   ----   -------   -------  
      H      1    021,58    005,37   
      C      6    008,63    025,61   
     He      2    069,79    069,01   
 ====================================
 Bragg Correction = 3,27%
 Stopping Units =  MeV / mm       
 See bottom of Table for other Stopping units 

        Ion        dE/dx      dE/dx     Projected  Longitudinal   Lateral
       Energy      Elec.      Nuclear     Range     Straggling   Straggling
  --------------  ---------- ---------- ----------  ----------  ----------
999,999 eV    2,029E-03  7,942E-03   77,54 um    29,66 um    20,99 um  
   1,10 keV   2,128E-03  7,750E-03   85,58 um    32,33 um    22,89 um  
   1,20 keV   2,222E-03  7,568E-03   93,74 um    35,00 um    24,80 um  
   1,30 keV   2,313E-03  7,394E-03  102,01 um    37,66 um    26,72 um  
   1,40 keV   2,400E-03  7,228E-03  110,38 um    40,32 um    28,66 um  
   1,50 keV   2,484E-03  7,070E-03  118,85 um    42,96 um    30,60 um  
   1,60 keV   2,566E-03  6,920E-03  127,41 um    45,60 um    32,56 um  
   1,70 keV   2,645E-03  6,777E-03  136,06 um    48,22 um    34,53 um  
   1,80 keV   2,722E-03  6,641E-03  144,79 um    50,84 um    36,50 um  
   2,00 keV   2,869E-03  6,387E-03  162,49 um    56,04 um    40,50 um  
   2,25 keV   3,043E-03  6,099E-03  185,02 um    62,47 um    45,54 um  
   2,50 keV   3,207E-03  5,840E-03  207,94 um    68,83 um    50,63 um  
   2,75 keV   3,364E-03  5,606E-03  231,19 um    75,09 um    55,75 um  
   3,00 keV   3,514E-03  5,393E-03  254,73 um    81,26 um    60,90 um  
   3,25 keV   3,657E-03  5,199E-03  278,53 um    87,34 um    66,07 um  
   3,50 keV   3,795E-03  5,020E-03  302,55 um    93,32 um    71,24 um  
   3,75 keV   3,928E-03  4,856E-03  326,75 um    99,20 um    76,42 um  
   4,00 keV   4,057E-03  4,703E-03  351,12 um   104,99 um    81,60 um  
   4,50 keV   4,303E-03  4,430E-03  400,26 um   116,30 um    91,94 um  
   5,00 keV   4,536E-03  4,192E-03  449,78 um   127,23 um   102,21 um  
   5,50 keV   4,757E-03  3,983E-03  499,56 um   137,77 um   112,38 um  
   6,00 keV   4,969E-03  3,796E-03  549,48 um   147,94 um   122,43 um  
   6,50 keV   5,172E-03  3,629E-03  599,45 um   157,75 um   132,35 um  
   7,00 keV   5,367E-03  3,478E-03  649,41 um   167,22 um   142,12 um  
   8,00 keV   5,737E-03  3,216E-03  749,11 um   185,34 um   161,20 um  
   9,00 keV   6,085E-03  2,997E-03  848,19 um   202,23 um   179,63 um  
  10,00 keV   6,415E-03  2,809E-03  946,41 um   218,02 um   197,39 um  
  11,00 keV   6,728E-03  2,646E-03    1,04 mm   232,80 um   214,48 um  
  12,00 keV   7,027E-03  2,504E-03    1,14 mm   246,67 um   230,93 um  
  13,00 keV   7,325E-03  2,378E-03    1,23 mm   259,70 um   246,76 um  
  14,00 keV   7,614E-03  2,266E-03    1,33 mm   271,95 um   261,98 um  
  15,00 keV   7,894E-03  2,166E-03    1,42 mm   283,49 um   276,62 um  
  16,00 keV   8,166E-03  2,075E-03    1,51 mm   294,38 um   290,71 um  
  17,00 keV   8,431E-03  1,992E-03    1,60 mm   304,68 um   304,28 um  
  18,00 keV   8,690E-03  1,917E-03    1,69 mm   314,43 um   317,35 um  
  20,00 keV   9,191E-03  1,784E-03    1,86 mm   332,81 um   342,11 um  
  22,50 keV   9,789E-03  1,644E-03    2,07 mm   353,52 um   370,69 um  
  25,00 keV   1,036E-02  1,527E-03    2,27 mm   371,92 um   396,94 um  
  27,50 keV   1,091E-02  1,427E-03    2,47 mm   388,37 um   421,15 um  
  30,00 keV   1,144E-02  1,341E-03    2,66 mm   403,19 um   443,56 um  
  32,50 keV   1,196E-02  1,266E-03    2,84 mm   416,62 um   464,37 um  
  35,00 keV   1,245E-02  1,200E-03    3,02 mm   428,85 um   483,77 um  
  37,50 keV   1,294E-02  1,141E-03    3,19 mm   440,05 um   501,90 um  
  40,00 keV   1,341E-02  1,088E-03    3,36 mm   450,34 um   518,89 um  
  45,00 keV   1,432E-02  9,966E-04    3,69 mm   469,63 um   549,90 um  
  50,00 keV   1,519E-02  9,211E-04    3,99 mm   486,28 um   577,55 um  
  55,00 keV   1,602E-02  8,572E-04    4,29 mm   500,81 um   602,40 um  
  60,00 keV   1,682E-02  8,024E-04    4,57 mm   513,64 um   624,90 um  
  65,00 keV   1,753E-02  7,548E-04    4,84 mm   525,09 um   645,43 um  
  70,00 keV   1,849E-02  7,130E-04    5,10 mm   535,30 um   664,18 um  
  80,00 keV   2,014E-02  6,431E-04    5,59 mm   554,67 um   697,06 um  
  90,00 keV   2,162E-02  5,867E-04    6,05 mm   570,64 um   725,16 um  
 100,00 keV   2,297E-02  5,402E-04    6,48 mm   584,15 um   749,59 um  
 110,00 keV   2,423E-02  5,010E-04    6,89 mm   595,79 um   771,12 um  
 120,00 keV   2,540E-02  4,676E-04    7,28 mm   605,99 um   790,32 um  
 130,00 keV   2,650E-02  4,388E-04    7,65 mm   615,03 um   807,60 um  
 140,00 keV   2,752E-02  4,135E-04    8,01 mm   623,14 um   823,30 um  
 150,00 keV   2,849E-02  3,913E-04    8,36 mm   630,47 um   837,66 um  
 160,00 keV   2,940E-02  3,714E-04    8,70 mm   637,16 um   850,87 um  
 170,00 keV   3,028E-02  3,537E-04    9,03 mm   643,31 um   863,10 um  
 180,00 keV   3,112E-02  3,377E-04    9,35 mm   648,98 um   874,46 um  
 200,00 keV   3,274E-02  3,100E-04    9,96 mm   661,96 um   895,01 um  
 225,00 keV   3,467E-02  2,816E-04   10,70 mm   677,49 um   917,34 um  
 250,00 keV   3,654E-02  2,583E-04   11,39 mm   690,88 um   936,74 um  
 275,00 keV   3,834E-02  2,388E-04   12,05 mm   702,58 um   953,81 um  
 300,00 keV   4,008E-02  2,223E-04   12,68 mm   712,92 um   968,99 um  
 325,00 keV   4,175E-02  2,080E-04   13,28 mm   722,18 um   982,61 um  
 350,00 keV   4,332E-02  1,956E-04   13,87 mm   730,52 um   994,94 um  
 375,00 keV   4,484E-02  1,847E-04   14,43 mm   738,12 um     1,01 mm  
 400,00 keV   4,629E-02  1,750E-04   14,98 mm   745,09 um     1,02 mm  
 450,00 keV   4,892E-02  1,585E-04   16,02 mm   764,61 um     1,03 mm  
 500,00 keV   5,121E-02  1,451E-04   17,01 mm   781,65 um     1,05 mm  
 550,00 keV   5,317E-02  1,339E-04   17,97 mm   796,86 um     1,06 mm  
 600,00 keV   5,482E-02  1,244E-04   18,89 mm   810,67 um     1,08 mm  
 650,00 keV   5,619E-02  1,163E-04   19,78 mm   823,41 um     1,09 mm  
 700,00 keV   5,731E-02  1,092E-04   20,66 mm   835,32 um     1,10 mm  
 800,00 keV   5,888E-02  9,745E-05   22,38 mm   874,30 um     1,12 mm  
 900,00 keV   5,975E-02  8,812E-05   24,06 mm   909,88 um     1,14 mm  
   1,00 MeV   6,007E-02  8,052E-05   25,72 mm   943,28 um     1,15 mm  
   1,10 MeV   5,998E-02  7,419E-05   27,39 mm   975,25 um     1,17 mm  
   1,20 MeV   5,961E-02  6,884E-05   29,06 mm     1,01 mm     1,18 mm  
   1,30 MeV   5,856E-02  6,425E-05   30,75 mm     1,04 mm     1,19 mm  
   1,40 MeV   5,739E-02  6,027E-05   32,47 mm     1,07 mm     1,20 mm  
   1,50 MeV   5,614E-02  5,678E-05   34,23 mm     1,10 mm     1,22 mm  
   1,60 MeV   5,485E-02  5,369E-05   36,03 mm     1,13 mm     1,23 mm  
   1,70 MeV   5,355E-02  5,094E-05   37,87 mm     1,16 mm     1,24 mm  
   1,80 MeV   5,226E-02  4,848E-05   39,76 mm     1,20 mm     1,25 mm  
   2,00 MeV   4,974E-02  4,423E-05   43,68 mm     1,32 mm     1,28 mm  
   2,25 MeV   4,677E-02  3,992E-05   48,86 mm     1,52 mm     1,31 mm  
   2,50 MeV   4,408E-02  3,641E-05   54,36 mm     1,71 mm     1,34 mm  
   2,75 MeV   4,169E-02  3,349E-05   60,19 mm     1,90 mm     1,38 mm  
   3,00 MeV   3,953E-02  3,103E-05   66,34 mm     2,10 mm     1,41 mm  
   3,25 MeV   3,758E-02  2,893E-05   72,82 mm     2,30 mm     1,45 mm  
   3,50 MeV   3,582E-02  2,710E-05   79,63 mm     2,50 mm     1,49 mm  
   3,75 MeV   3,422E-02  2,551E-05   86,77 mm     2,70 mm     1,54 mm  
   4,00 MeV   3,276E-02  2,410E-05   94,23 mm     2,90 mm     1,58 mm  
   4,50 MeV   3,022E-02  2,172E-05  110,11 mm     3,68 mm     1,68 mm  
   5,00 MeV   2,806E-02  1,979E-05  127,27 mm     4,42 mm     1,79 mm  
   5,50 MeV   2,622E-02  1,819E-05  145,70 mm     5,14 mm     1,91 mm  
   6,00 MeV   2,462E-02  1,684E-05  165,37 mm     5,86 mm     2,04 mm  
   6,50 MeV   2,322E-02  1,568E-05  186,27 mm     6,57 mm     2,19 mm  
   7,00 MeV   2,198E-02  1,468E-05  208,39 mm     7,29 mm     2,34 mm  
   8,00 MeV   1,988E-02  1,304E-05  256,22 mm     9,97 mm     2,68 mm  
   9,00 MeV   1,817E-02  1,174E-05  308,82 mm    12,46 mm     3,06 mm  
  10,00 MeV   1,675E-02  1,068E-05  366,13 mm    14,89 mm     3,48 mm  
  11,00 MeV   1,554E-02  9,811E-06  428,09 mm    17,30 mm     3,94 mm  
  12,00 MeV   1,451E-02  9,076E-06  494,66 mm    19,72 mm     4,44 mm  
  13,00 MeV   1,370E-02  8,448E-06  565,55 mm    22,15 mm     4,97 mm  
  14,00 MeV   1,289E-02  7,905E-06  640,77 mm    24,61 mm     5,53 mm  
  15,00 MeV   1,217E-02  7,430E-06  720,56 mm    27,10 mm     6,13 mm  
  16,00 MeV   1,158E-02  7,012E-06  804,76 mm    29,64 mm     6,76 mm  
  17,00 MeV   1,104E-02  6,640E-06  893,19 mm    32,21 mm     7,43 mm  
  18,00 MeV   1,055E-02  6,307E-06  985,81 mm    34,81 mm     8,13 mm  
  20,00 MeV   9,707E-03  5,736E-06    1,18 m     44,71 mm     9,61 mm  
  22,50 MeV   8,837E-03  5,159E-06    1,45 m     58,88 mm    11,64 mm  
  25,00 MeV   8,121E-03  4,691E-06    1,75 m     72,27 mm    13,85 mm  
  27,50 MeV   7,521E-03  4,304E-06    2,07 m     85,36 mm    16,23 mm  
  30,00 MeV   7,010E-03  3,978E-06    2,41 m     98,38 mm    18,79 mm  
  32,50 MeV   6,569E-03  3,700E-06    2,78 m    111,43 mm    21,52 mm  
  35,00 MeV   6,185E-03  3,460E-06    3,17 m    124,60 mm    24,41 mm  
  37,50 MeV   5,846E-03  3,250E-06    3,59 m    137,91 mm    27,48 mm  
  40,00 MeV   5,545E-03  3,065E-06    4,03 m    151,38 mm    30,70 mm  
  45,00 MeV   5,035E-03  2,754E-06    4,97 m    202,33 mm    37,64 mm  
  50,00 MeV   4,617E-03  2,503E-06    6,01 m    250,19 mm    45,20 mm  
  55,00 MeV   4,268E-03  2,295E-06    7,14 m    296,90 mm    53,39 mm  
  60,00 MeV   3,972E-03  2,120E-06    8,35 m    343,32 mm    62,18 mm  
  65,00 MeV   3,718E-03  1,971E-06    9,65 m    389,87 mm    71,57 mm  
  70,00 MeV   3,497E-03  1,842E-06   11,04 m    436,79 mm    81,54 mm  
  80,00 MeV   3,130E-03  1,631E-06   14,06 m    611,97 mm   103,24 mm  
  90,00 MeV   2,839E-03  1,465E-06   17,41 m    775,15 mm   127,19 mm  
 100,00 MeV   2,601E-03  1,330E-06   21,09 m    934,52 mm   153,35 mm  
-----------------------------------------------------------
 Multiply Stopping by        for Stopping Units
 -------------------        ------------------
  1,0000E-01                 eV / Angstrom 
  1,0000E+00                keV / micron   
  1,0000E+00                MeV / mm       
  4,8125E+01                keV / (ug/cm2) 
  4,8125E+01                MeV / (mg/cm2) 
  4,8125E+04                keV / (mg/cm2) 
  3,2347E+02                 eV / (1E15 atoms/cm2)
  2,7067E+01                L.S.S. reduced units
 ==================================================================
 (C) 1984,1989,1992,1998,2008 by J.P. Biersack and J.F. Ziegler
