 ==================================================================
              SRIM version ---> SRIM-2013.00
              Calc. date   ---> marzo 26, 2024 
 ==================================================================

 Disk File Name = SRIM Outputs\6He_He97_butane_500mbar.txt

 Ion = Helium [2] , Mass = 6 amu

 Target Density =  1,1540E-04 g/cm3 = 1,7168E+19 atoms/cm3
 Target is a GAS 
 ======= Target  Composition ========
    Atom   Atom   Atomic    Mass     
    Name   Numb   Percent   Percent  
    ----   ----   -------   -------  
      H      1    021,58    005,37   
      C      6    008,63    025,61   
     He      2    069,79    069,01   
 ====================================
 Bragg Correction = 3,27%
 Stopping Units =  MeV / mm       
 See bottom of Table for other Stopping units 

        Ion        dE/dx      dE/dx     Projected  Longitudinal   Lateral
       Energy      Elec.      Nuclear     Range     Straggling   Straggling
  --------------  ---------- ---------- ----------  ----------  ----------
999,999 eV    1,127E-03  4,410E-03  139,62 um    53,41 um    37,80 um  
   1,10 keV   1,182E-03  4,304E-03  154,11 um    58,22 um    41,22 um  
   1,20 keV   1,234E-03  4,203E-03  168,81 um    63,03 um    44,66 um  
   1,30 keV   1,284E-03  4,106E-03  183,69 um    67,82 um    48,12 um  
   1,40 keV   1,333E-03  4,014E-03  198,77 um    72,60 um    51,60 um  
   1,50 keV   1,380E-03  3,927E-03  214,01 um    77,36 um    55,11 um  
   1,60 keV   1,425E-03  3,843E-03  229,43 um    82,11 um    58,63 um  
   1,70 keV   1,469E-03  3,764E-03  245,00 um    86,84 um    62,17 um  
   1,80 keV   1,511E-03  3,688E-03  260,72 um    91,54 um    65,73 um  
   2,00 keV   1,593E-03  3,547E-03  292,60 um   100,91 um    72,92 um  
   2,25 keV   1,690E-03  3,387E-03  333,17 um   112,50 um    82,01 um  
   2,50 keV   1,781E-03  3,243E-03  374,43 um   123,94 um    91,17 um  
   2,75 keV   1,868E-03  3,113E-03  416,30 um   135,22 um   100,39 um  
   3,00 keV   1,951E-03  2,995E-03  458,70 um   146,33 um   109,66 um  
   3,25 keV   2,031E-03  2,887E-03  501,55 um   157,27 um   118,97 um  
   3,50 keV   2,108E-03  2,788E-03  544,79 um   168,04 um   128,29 um  
   3,75 keV   2,182E-03  2,697E-03  588,38 um   178,63 um   137,61 um  
   4,00 keV   2,253E-03  2,612E-03  632,25 um   189,05 um   146,94 um  
   4,50 keV   2,390E-03  2,460E-03  720,75 um   209,43 um   165,56 um  
   5,00 keV   2,519E-03  2,328E-03  809,92 um   229,10 um   184,05 um  
   5,50 keV   2,642E-03  2,212E-03  899,55 um   248,08 um   202,37 um  
   6,00 keV   2,759E-03  2,108E-03  989,44 um   266,39 um   220,47 um  
   6,50 keV   2,872E-03  2,015E-03    1,08 mm   284,06 um   238,32 um  
   7,00 keV   2,980E-03  1,932E-03    1,17 mm   301,10 um   255,91 um  
   8,00 keV   3,186E-03  1,786E-03    1,35 mm   333,74 um   290,28 um  
   9,00 keV   3,379E-03  1,664E-03    1,53 mm   364,16 um   323,46 um  
  10,00 keV   3,562E-03  1,560E-03    1,70 mm   392,59 um   355,43 um  
  11,00 keV   3,736E-03  1,470E-03    1,88 mm   419,20 um   386,21 um  
  12,00 keV   3,902E-03  1,391E-03    2,05 mm   444,18 um   415,84 um  
  13,00 keV   4,068E-03  1,321E-03    2,22 mm   467,64 um   444,34 um  
  14,00 keV   4,228E-03  1,259E-03    2,39 mm   489,70 um   471,75 um  
  15,00 keV   4,384E-03  1,203E-03    2,56 mm   510,48 um   498,11 um  
  16,00 keV   4,535E-03  1,152E-03    2,72 mm   530,09 um   523,49 um  
  17,00 keV   4,682E-03  1,106E-03    2,88 mm   548,63 um   547,92 um  
  18,00 keV   4,826E-03  1,064E-03    3,04 mm   566,18 um   571,45 um  
  20,00 keV   5,104E-03  9,906E-04    3,35 mm   599,28 um   616,03 um  
  22,50 keV   5,436E-03  9,130E-04    3,73 mm   636,58 um   667,49 um  
  25,00 keV   5,754E-03  8,480E-04    4,09 mm   669,71 um   714,77 um  
  27,50 keV   6,060E-03  7,926E-04    4,45 mm   699,34 um   758,36 um  
  30,00 keV   6,355E-03  7,448E-04    4,79 mm   726,03 um   798,71 um  
  32,50 keV   6,640E-03  7,030E-04    5,12 mm   750,21 um   836,19 um  
  35,00 keV   6,917E-03  6,662E-04    5,44 mm   772,23 um   871,12 um  
  37,50 keV   7,186E-03  6,334E-04    5,75 mm   792,39 um   903,76 um  
  40,00 keV   7,448E-03  6,040E-04    6,05 mm   810,92 um   934,36 um  
  45,00 keV   7,953E-03  5,535E-04    6,64 mm   845,67 um   990,21 um  
  50,00 keV   8,435E-03  5,115E-04    7,19 mm   875,64 um     1,04 mm  
  55,00 keV   8,897E-03  4,760E-04    7,72 mm   901,81 um     1,08 mm  
  60,00 keV   9,340E-03  4,456E-04    8,23 mm   924,91 um     1,13 mm  
  65,00 keV   9,735E-03  4,192E-04    8,72 mm   945,53 um     1,16 mm  
  70,00 keV   1,027E-02  3,960E-04    9,19 mm   963,91 um     1,20 mm  
  80,00 keV   1,118E-02  3,571E-04   10,07 mm   998,79 um     1,26 mm  
  90,00 keV   1,200E-02  3,258E-04   10,89 mm     1,03 mm     1,31 mm  
 100,00 keV   1,276E-02  3,000E-04   11,67 mm     1,05 mm     1,35 mm  
 110,00 keV   1,346E-02  2,782E-04   12,41 mm     1,07 mm     1,39 mm  
 120,00 keV   1,411E-02  2,597E-04   13,11 mm     1,09 mm     1,42 mm  
 130,00 keV   1,472E-02  2,437E-04   13,78 mm     1,11 mm     1,45 mm  
 140,00 keV   1,528E-02  2,296E-04   14,43 mm     1,12 mm     1,48 mm  
 150,00 keV   1,582E-02  2,173E-04   15,06 mm     1,14 mm     1,51 mm  
 160,00 keV   1,633E-02  2,063E-04   15,67 mm     1,15 mm     1,53 mm  
 170,00 keV   1,681E-02  1,964E-04   16,26 mm     1,16 mm     1,55 mm  
 180,00 keV   1,728E-02  1,875E-04   16,83 mm     1,17 mm     1,57 mm  
 200,00 keV   1,818E-02  1,722E-04   17,94 mm     1,19 mm     1,61 mm  
 225,00 keV   1,925E-02  1,564E-04   19,26 mm     1,22 mm     1,65 mm  
 250,00 keV   2,029E-02  1,434E-04   20,51 mm     1,24 mm     1,69 mm  
 275,00 keV   2,129E-02  1,326E-04   21,70 mm     1,27 mm     1,72 mm  
 300,00 keV   2,226E-02  1,234E-04   22,83 mm     1,28 mm     1,74 mm  
 325,00 keV   2,318E-02  1,155E-04   23,92 mm     1,30 mm     1,77 mm  
 350,00 keV   2,406E-02  1,086E-04   24,97 mm     1,32 mm     1,79 mm  
 375,00 keV   2,490E-02  1,025E-04   25,98 mm     1,33 mm     1,81 mm  
 400,00 keV   2,570E-02  9,717E-05   26,97 mm     1,34 mm     1,83 mm  
 450,00 keV   2,717E-02  8,805E-05   28,84 mm     1,38 mm     1,86 mm  
 500,00 keV   2,844E-02  8,059E-05   30,63 mm     1,41 mm     1,89 mm  
 550,00 keV   2,953E-02  7,437E-05   32,35 mm     1,43 mm     1,92 mm  
 600,00 keV   3,044E-02  6,910E-05   34,01 mm     1,46 mm     1,94 mm  
 650,00 keV   3,121E-02  6,457E-05   35,63 mm     1,48 mm     1,96 mm  
 700,00 keV   3,183E-02  6,063E-05   37,21 mm     1,50 mm     1,98 mm  
 800,00 keV   3,270E-02  5,412E-05   40,30 mm     1,57 mm     2,01 mm  
 900,00 keV   3,318E-02  4,894E-05   43,32 mm     1,64 mm     2,04 mm  
   1,00 MeV   3,336E-02  4,472E-05   46,32 mm     1,70 mm     2,07 mm  
   1,10 MeV   3,331E-02  4,120E-05   49,32 mm     1,76 mm     2,10 mm  
   1,20 MeV   3,310E-02  3,823E-05   52,32 mm     1,81 mm     2,12 mm  
   1,30 MeV   3,252E-02  3,568E-05   55,36 mm     1,87 mm     2,15 mm  
   1,40 MeV   3,187E-02  3,347E-05   58,47 mm     1,92 mm     2,17 mm  
   1,50 MeV   3,118E-02  3,153E-05   61,63 mm     1,98 mm     2,19 mm  
   1,60 MeV   3,046E-02  2,982E-05   64,87 mm     2,04 mm     2,21 mm  
   1,70 MeV   2,974E-02  2,829E-05   68,19 mm     2,09 mm     2,24 mm  
   1,80 MeV   2,902E-02  2,692E-05   71,59 mm     2,15 mm     2,26 mm  
   2,00 MeV   2,762E-02  2,456E-05   78,65 mm     2,38 mm     2,30 mm  
   2,25 MeV   2,597E-02  2,217E-05   87,97 mm     2,73 mm     2,36 mm  
   2,50 MeV   2,448E-02  2,022E-05   97,88 mm     3,08 mm     2,42 mm  
   2,75 MeV   2,315E-02  1,860E-05  108,37 mm     3,43 mm     2,48 mm  
   3,00 MeV   2,195E-02  1,723E-05  119,46 mm     3,78 mm     2,55 mm  
   3,25 MeV   2,087E-02  1,607E-05  131,13 mm     4,13 mm     2,62 mm  
   3,50 MeV   1,989E-02  1,505E-05  143,39 mm     4,49 mm     2,69 mm  
   3,75 MeV   1,900E-02  1,417E-05  156,24 mm     4,86 mm     2,77 mm  
   4,00 MeV   1,819E-02  1,338E-05  169,68 mm     5,23 mm     2,85 mm  
   4,50 MeV   1,678E-02  1,206E-05  198,28 mm     6,63 mm     3,03 mm  
   5,00 MeV   1,559E-02  1,099E-05  229,18 mm     7,96 mm     3,23 mm  
   5,50 MeV   1,456E-02  1,010E-05  262,36 mm     9,26 mm     3,44 mm  
   6,00 MeV   1,367E-02  9,350E-06  297,78 mm    10,55 mm     3,68 mm  
   6,50 MeV   1,289E-02  8,709E-06  335,42 mm    11,83 mm     3,94 mm  
   7,00 MeV   1,221E-02  8,154E-06  375,25 mm    13,13 mm     4,22 mm  
   8,00 MeV   1,104E-02  7,240E-06  461,37 mm    17,95 mm     4,83 mm  
   9,00 MeV   1,009E-02  6,518E-06  556,09 mm    22,44 mm     5,51 mm  
  10,00 MeV   9,300E-03  5,933E-06  659,28 mm    26,81 mm     6,27 mm  
  11,00 MeV   8,632E-03  5,449E-06  770,86 mm    31,16 mm     7,09 mm  
  12,00 MeV   8,058E-03  5,040E-06  890,72 mm    35,52 mm     7,99 mm  
  13,00 MeV   7,609E-03  4,692E-06    1,02 m     39,89 mm     8,94 mm  
  14,00 MeV   7,159E-03  4,390E-06    1,15 m     44,31 mm     9,96 mm  
  15,00 MeV   6,761E-03  4,126E-06    1,30 m     48,81 mm    11,04 mm  
  16,00 MeV   6,429E-03  3,894E-06    1,45 m     53,37 mm    12,18 mm  
  17,00 MeV   6,130E-03  3,687E-06    1,61 m     57,99 mm    13,38 mm  
  18,00 MeV   5,860E-03  3,503E-06    1,78 m     62,68 mm    14,63 mm  
  20,00 MeV   5,391E-03  3,186E-06    2,13 m     80,51 mm    17,31 mm  
  22,50 MeV   4,908E-03  2,865E-06    2,62 m    106,03 mm    20,96 mm  
  25,00 MeV   4,510E-03  2,605E-06    3,15 m    130,13 mm    24,93 mm  
  27,50 MeV   4,177E-03  2,390E-06    3,72 m    153,70 mm    29,23 mm  
  30,00 MeV   3,893E-03  2,209E-06    4,34 m    177,15 mm    33,83 mm  
  32,50 MeV   3,648E-03  2,055E-06    5,01 m    200,66 mm    38,75 mm  
  35,00 MeV   3,435E-03  1,921E-06    5,71 m    224,36 mm    43,96 mm  
  37,50 MeV   3,247E-03  1,805E-06    6,46 m    248,33 mm    49,48 mm  
  40,00 MeV   3,080E-03  1,702E-06    7,25 m    272,59 mm    55,28 mm  
  45,00 MeV   2,796E-03  1,530E-06    8,96 m    364,34 mm    67,77 mm  
  50,00 MeV   2,564E-03  1,390E-06   10,82 m    450,51 mm    81,39 mm  
  55,00 MeV   2,370E-03  1,274E-06   12,85 m    534,63 mm    96,13 mm  
  60,00 MeV   2,206E-03  1,177E-06   15,04 m    618,21 mm   111,96 mm  
  65,00 MeV   2,065E-03  1,095E-06   17,38 m    702,03 mm   128,87 mm  
  70,00 MeV   1,942E-03  1,023E-06   19,88 m    786,53 mm   146,83 mm  
  80,00 MeV   1,738E-03  9,057E-07   25,32 m      1,10 m    185,90 mm  
  90,00 MeV   1,577E-03  8,133E-07   31,36 m      1,40 m    229,03 mm  
 100,00 MeV   1,445E-03  7,386E-07   37,98 m      1,68 m    276,14 mm  
 110,00 MeV   1,335E-03  6,770E-07   45,18 m      1,97 m    327,15 mm  
 120,00 MeV   1,242E-03  6,251E-07   52,95 m      2,26 m    381,96 mm  
 130,00 MeV   1,162E-03  5,809E-07   61,27 m      2,55 m    440,52 mm  
 140,00 MeV   1,093E-03  5,427E-07   70,15 m      2,84 m    502,76 mm  
 150,00 MeV   1,032E-03  5,095E-07   79,56 m      3,14 m    568,61 mm  
 160,00 MeV   9,786E-04  4,802E-07   89,51 m      3,44 m    638,01 mm  
 170,00 MeV   9,308E-04  4,542E-07   99,98 m      3,75 m    710,92 mm  
 180,00 MeV   8,880E-04  4,309E-07  110,98 m      4,06 m    787,27 mm  
 200,00 MeV   8,143E-04  3,912E-07  134,50 m      5,26 m    950,21 mm  
 225,00 MeV   7,394E-04  3,510E-07  166,71 m      6,96 m      1,17 m   
 250,00 MeV   6,785E-04  3,185E-07  202,01 m      8,58 m      1,41 m   
 275,00 MeV   6,280E-04  2,918E-07  240,30 m     10,15 m      1,68 m   
 300,00 MeV   5,854E-04  2,693E-07  281,53 m     11,72 m      1,96 m   
 325,00 MeV   5,489E-04  2,501E-07  325,63 m     13,28 m      2,26 m   
 350,00 MeV   5,174E-04  2,336E-07  372,54 m     14,86 m      2,57 m   
 375,00 MeV   4,898E-04  2,192E-07  422,19 m     16,44 m      2,91 m   
 400,00 MeV   4,654E-04  2,065E-07  474,55 m     18,04 m      3,26 m   
 450,00 MeV   4,244E-04  1,852E-07  587,06 m     24,08 m      4,01 m   
 500,00 MeV   3,911E-04  1,680E-07  709,78 m     29,71 m      4,82 m   
 550,00 MeV   3,636E-04  1,538E-07  842,37 m     35,16 m      5,70 m   
 600,00 MeV   3,404E-04  1,419E-07  984,48 m     40,52 m      6,63 m   
 650,00 MeV   3,206E-04  1,318E-07    1,14 km    45,85 m      7,61 m   
 700,00 MeV   3,036E-04  1,230E-07    1,30 km    51,18 m      8,65 m   
 800,00 MeV   2,755E-04  1,087E-07    1,64 km    70,85 m     10,87 m   
 900,00 MeV   2,535E-04  9,744E-08    2,02 km    88,85 m     13,28 m   
   1,00 GeV   2,357E-04  8,836E-08    2,43 km   106,09 m     15,86 m   
-----------------------------------------------------------
 Multiply Stopping by        for Stopping Units
 -------------------        ------------------
  1,0000E-01                 eV / Angstrom 
  1,0000E+00                keV / micron   
  1,0000E+00                MeV / mm       
  8,6658E+01                keV / (ug/cm2) 
  8,6658E+01                MeV / (mg/cm2) 
  8,6658E+04                keV / (mg/cm2) 
  5,8246E+02                 eV / (1E15 atoms/cm2)
  4,8739E+01                L.S.S. reduced units
 ==================================================================
 (C) 1984,1989,1992,1998,2008 by J.P. Biersack and J.F. Ziegler
