 ==================================================================
              SRIM version ---> SRIM-2013.00
              Calc. date   ---> mars 26, 2024 
 ==================================================================

 Disk File Name = SRIM Outputs\6He_He95_butane_600mbar.txt

 Ion = Helium [2] , Mass = 6 amu

 Target Density =  1,6510E-04 g/cm3 = 2,4452E+19 atoms/cm3
 Target is a GAS 
 ======= Target  Composition ========
    Atom   Atom   Atomic    Mass     
    Name   Numb   Percent   Percent  
    ----   ----   -------   -------  
     He      2    057,58    056,68   
      H      1    030,30    007,51   
      C      6    012,12    035,80   
 ====================================
 Bragg Correction = 3,27%
 Stopping Units =  MeV / mm       
 See bottom of Table for other Stopping units 

        Ion        dE/dx      dE/dx     Projected  Longitudinal   Lateral
       Energy      Elec.      Nuclear     Range     Straggling   Straggling
  --------------  ---------- ---------- ----------  ----------  ----------
999,999 eV    1,647E-03  6,333E-03   96,59 um    37,97 um    27,00 um  
   1,10 keV   1,727E-03  6,187E-03  106,51 um    41,38 um    29,42 um  
   1,20 keV   1,804E-03  6,048E-03  116,57 um    44,77 um    31,85 um  
   1,30 keV   1,878E-03  5,914E-03  126,74 um    48,15 um    34,29 um  
   1,40 keV   1,948E-03  5,787E-03  137,04 um    51,53 um    36,75 um  
   1,50 keV   2,017E-03  5,665E-03  147,44 um    54,89 um    39,21 um  
   1,60 keV   2,083E-03  5,549E-03  157,96 um    58,24 um    41,69 um  
   1,70 keV   2,147E-03  5,438E-03  168,58 um    61,58 um    44,18 um  
   1,80 keV   2,209E-03  5,332E-03  179,29 um    64,90 um    46,69 um  
   2,00 keV   2,329E-03  5,134E-03  201,01 um    71,50 um    51,73 um  
   2,25 keV   2,470E-03  4,909E-03  228,61 um    79,68 um    58,10 um  
   2,50 keV   2,604E-03  4,707E-03  256,67 um    87,75 um    64,52 um  
   2,75 keV   2,731E-03  4,523E-03  285,12 um    95,70 um    70,97 um  
   3,00 keV   2,852E-03  4,355E-03  313,92 um   103,55 um    77,45 um  
   3,25 keV   2,969E-03  4,202E-03  343,01 um   111,27 um    83,95 um  
   3,50 keV   3,081E-03  4,060E-03  372,36 um   118,87 um    90,46 um  
   3,75 keV   3,189E-03  3,930E-03  401,94 um   126,34 um    96,97 um  
   4,00 keV   3,293E-03  3,809E-03  431,70 um   133,69 um   103,48 um  
   4,50 keV   3,493E-03  3,593E-03  491,71 um   148,08 um   116,47 um  
   5,00 keV   3,682E-03  3,403E-03  552,17 um   161,97 um   129,37 um  
   5,50 keV   3,862E-03  3,235E-03  612,92 um   175,37 um   142,15 um  
   6,00 keV   4,034E-03  3,086E-03  673,85 um   188,32 um   154,78 um  
   6,50 keV   4,198E-03  2,953E-03  734,84 um   200,81 um   167,24 um  
   7,00 keV   4,357E-03  2,832E-03  795,81 um   212,87 um   179,51 um  
   8,00 keV   4,657E-03  2,621E-03  917,50 um   235,95 um   203,51 um  
   9,00 keV   4,940E-03  2,445E-03    1,04 mm   257,50 um   226,69 um  
  10,00 keV   5,207E-03  2,293E-03    1,16 mm   277,65 um   249,05 um  
  11,00 keV   5,461E-03  2,162E-03    1,28 mm   296,53 um   270,58 um  
  12,00 keV   5,704E-03  2,047E-03    1,39 mm   314,27 um   291,32 um  
  13,00 keV   5,945E-03  1,945E-03    1,51 mm   330,94 um   311,28 um  
  14,00 keV   6,178E-03  1,855E-03    1,62 mm   346,64 um   330,49 um  
  15,00 keV   6,405E-03  1,773E-03    1,74 mm   361,44 um   348,99 um  
  16,00 keV   6,624E-03  1,699E-03    1,85 mm   375,42 um   366,80 um  
  17,00 keV   6,838E-03  1,632E-03    1,96 mm   388,65 um   383,97 um  
  18,00 keV   7,047E-03  1,571E-03    2,07 mm   401,18 um   400,51 um  
  20,00 keV   7,450E-03  1,463E-03    2,28 mm   424,80 um   431,88 um  
  22,50 keV   7,932E-03  1,349E-03    2,54 mm   451,44 um   468,15 um  
  25,00 keV   8,391E-03  1,254E-03    2,78 mm   475,14 um   501,52 um  
  27,50 keV   8,832E-03  1,173E-03    3,02 mm   496,38 um   532,34 um  
  30,00 keV   9,257E-03  1,102E-03    3,26 mm   515,54 um   560,91 um  
  32,50 keV   9,667E-03  1,041E-03    3,48 mm   532,94 um   587,49 um  
  35,00 keV   1,006E-02  9,865E-04    3,70 mm   548,81 um   612,29 um  
  37,50 keV   1,045E-02  9,383E-04    3,91 mm   563,35 um   635,50 um  
  40,00 keV   1,082E-02  8,950E-04    4,12 mm   576,75 um   657,28 um  
  45,00 keV   1,154E-02  8,206E-04    4,52 mm   601,79 um   697,13 um  
  50,00 keV   1,223E-02  7,587E-04    4,90 mm   623,46 um   732,74 um  
  55,00 keV   1,288E-02  7,063E-04    5,27 mm   642,44 um   764,84 um  
  60,00 keV   1,350E-02  6,614E-04    5,62 mm   659,24 um   793,97 um  
  65,00 keV   1,403E-02  6,223E-04    5,96 mm   674,29 um   820,63 um  
  70,00 keV   1,485E-02  5,880E-04    6,28 mm   687,72 um   845,01 um  
  80,00 keV   1,621E-02  5,306E-04    6,89 mm   712,87 um   887,74 um  
  90,00 keV   1,740E-02  4,842E-04    7,45 mm   733,58 um   924,27 um  
 100,00 keV   1,849E-02  4,460E-04    7,99 mm   751,11 um   956,06 um  
 110,00 keV   1,950E-02  4,138E-04    8,50 mm   766,22 um   984,11 um  
 120,00 keV   2,045E-02  3,863E-04    8,98 mm   779,44 um     1,01 mm  
 130,00 keV   2,134E-02  3,625E-04    9,44 mm   791,17 um     1,03 mm  
 140,00 keV   2,217E-02  3,417E-04    9,89 mm   801,67 um     1,05 mm  
 150,00 keV   2,297E-02  3,234E-04   10,32 mm   811,17 um     1,07 mm  
 160,00 keV   2,372E-02  3,071E-04   10,74 mm   819,82 um     1,09 mm  
 170,00 keV   2,444E-02  2,925E-04   11,15 mm   827,75 um     1,10 mm  
 180,00 keV   2,514E-02  2,793E-04   11,54 mm   835,06 um     1,12 mm  
 200,00 keV   2,648E-02  2,564E-04   12,30 mm   851,47 um     1,15 mm  
 225,00 keV   2,807E-02  2,330E-04   13,21 mm   870,95 um     1,17 mm  
 250,00 keV   2,959E-02  2,138E-04   14,06 mm   887,71 um     1,20 mm  
 275,00 keV   3,104E-02  1,977E-04   14,88 mm   902,35 um     1,22 mm  
 300,00 keV   3,244E-02  1,840E-04   15,66 mm   915,29 um     1,24 mm  
 325,00 keV   3,376E-02  1,722E-04   16,40 mm   926,87 um     1,26 mm  
 350,00 keV   3,501E-02  1,620E-04   17,12 mm   937,33 um     1,28 mm  
 375,00 keV   3,621E-02  1,529E-04   17,82 mm   946,85 um     1,29 mm  
 400,00 keV   3,736E-02  1,449E-04   18,50 mm   955,59 um     1,30 mm  
 450,00 keV   3,945E-02  1,314E-04   19,79 mm   979,68 um     1,33 mm  
 500,00 keV   4,127E-02  1,203E-04   21,02 mm     1,00 mm     1,35 mm  
 550,00 keV   4,284E-02  1,110E-04   22,20 mm     1,02 mm     1,37 mm  
 600,00 keV   4,416E-02  1,031E-04   23,35 mm     1,04 mm     1,38 mm  
 650,00 keV   4,527E-02  9,639E-05   24,46 mm     1,05 mm     1,40 mm  
 700,00 keV   4,618E-02  9,053E-05   25,55 mm     1,07 mm     1,41 mm  
 800,00 keV   4,748E-02  8,082E-05   27,68 mm     1,11 mm     1,44 mm  
 900,00 keV   4,823E-02  7,310E-05   29,76 mm     1,16 mm     1,46 mm  
   1,00 MeV   4,855E-02  6,680E-05   31,82 mm     1,20 mm     1,48 mm  
   1,10 MeV   4,856E-02  6,156E-05   33,88 mm     1,24 mm     1,50 mm  
   1,20 MeV   4,833E-02  5,713E-05   35,94 mm     1,28 mm     1,52 mm  
   1,30 MeV   4,742E-02  5,332E-05   38,02 mm     1,31 mm     1,53 mm  
   1,40 MeV   4,642E-02  5,002E-05   40,15 mm     1,35 mm     1,55 mm  
   1,50 MeV   4,536E-02  4,713E-05   42,33 mm     1,39 mm     1,57 mm  
   1,60 MeV   4,428E-02  4,457E-05   44,55 mm     1,43 mm     1,58 mm  
   1,70 MeV   4,320E-02  4,229E-05   46,84 mm     1,47 mm     1,60 mm  
   1,80 MeV   4,212E-02  4,025E-05   49,18 mm     1,51 mm     1,61 mm  
   2,00 MeV   4,003E-02  3,673E-05   54,04 mm     1,66 mm     1,65 mm  
   2,25 MeV   3,758E-02  3,315E-05   60,48 mm     1,90 mm     1,69 mm  
   2,50 MeV   3,538E-02  3,024E-05   67,33 mm     2,14 mm     1,73 mm  
   2,75 MeV   3,345E-02  2,782E-05   74,59 mm     2,38 mm     1,78 mm  
   3,00 MeV   3,171E-02  2,578E-05   82,26 mm     2,63 mm     1,83 mm  
   3,25 MeV   3,014E-02  2,403E-05   90,35 mm     2,87 mm     1,88 mm  
   3,50 MeV   2,872E-02  2,252E-05   98,84 mm     3,12 mm     1,93 mm  
   3,75 MeV   2,743E-02  2,119E-05  107,74 mm     3,37 mm     1,99 mm  
   4,00 MeV   2,626E-02  2,002E-05  117,05 mm     3,63 mm     2,05 mm  
   4,50 MeV   2,422E-02  1,805E-05  136,86 mm     4,60 mm     2,18 mm  
   5,00 MeV   2,250E-02  1,645E-05  158,26 mm     5,52 mm     2,33 mm  
   5,50 MeV   2,103E-02  1,512E-05  181,24 mm     6,42 mm     2,49 mm  
   6,00 MeV   1,975E-02  1,400E-05  205,77 mm     7,31 mm     2,66 mm  
   6,50 MeV   1,863E-02  1,304E-05  231,82 mm     8,21 mm     2,85 mm  
   7,00 MeV   1,763E-02  1,221E-05  259,40 mm     9,10 mm     3,05 mm  
   8,00 MeV   1,595E-02  1,084E-05  319,00 mm    12,44 mm     3,50 mm  
   9,00 MeV   1,459E-02  9,761E-06  384,53 mm    15,54 mm     4,00 mm  
  10,00 MeV   1,345E-02  8,885E-06  455,92 mm    18,57 mm     4,56 mm  
  11,00 MeV   1,248E-02  8,160E-06  533,08 mm    21,57 mm     5,16 mm  
  12,00 MeV   1,165E-02  7,549E-06  615,98 mm    24,59 mm     5,81 mm  
  13,00 MeV   1,100E-02  7,027E-06  704,28 mm    27,62 mm     6,51 mm  
  14,00 MeV   1,034E-02  6,576E-06  798,01 mm    30,68 mm     7,26 mm  
  15,00 MeV   9,766E-03  6,181E-06  897,47 mm    33,79 mm     8,05 mm  
  16,00 MeV   9,288E-03  5,833E-06    1,00 m     36,96 mm     8,88 mm  
  17,00 MeV   8,858E-03  5,524E-06    1,11 m     40,16 mm     9,75 mm  
  18,00 MeV   8,470E-03  5,248E-06    1,23 m     43,40 mm    10,67 mm  
  20,00 MeV   7,794E-03  4,773E-06    1,47 m     55,74 mm    12,62 mm  
  22,50 MeV   7,098E-03  4,293E-06    1,81 m     73,38 mm    15,29 mm  
  25,00 MeV   6,525E-03  3,903E-06    2,18 m     90,04 mm    18,19 mm  
  27,50 MeV   6,044E-03  3,582E-06    2,58 m    106,33 mm    21,32 mm  
  30,00 MeV   5,635E-03  3,311E-06    3,00 m    122,52 mm    24,68 mm  
  32,50 MeV   5,281E-03  3,079E-06    3,46 m    138,76 mm    28,26 mm  
  35,00 MeV   4,973E-03  2,880E-06    3,95 m    155,13 mm    32,06 mm  
  37,50 MeV   4,702E-03  2,705E-06    4,47 m    171,68 mm    36,08 mm  
  40,00 MeV   4,460E-03  2,551E-06    5,01 m    188,43 mm    40,31 mm  
  45,00 MeV   4,051E-03  2,293E-06    6,19 m    251,75 mm    49,41 mm  
  50,00 MeV   3,715E-03  2,084E-06    7,48 m    311,21 mm    59,33 mm  
  55,00 MeV   3,435E-03  1,911E-06    8,88 m    369,24 mm    70,05 mm  
  60,00 MeV   3,197E-03  1,765E-06   10,38 m    426,90 mm    81,57 mm  
  65,00 MeV   2,993E-03  1,641E-06   12,00 m    484,73 mm    93,87 mm  
  70,00 MeV   2,815E-03  1,534E-06   13,72 m    543,01 mm   106,94 mm  
  80,00 MeV   2,521E-03  1,358E-06   17,48 m    760,51 mm   135,36 mm  
  90,00 MeV   2,286E-03  1,220E-06   21,64 m    963,09 mm   166,72 mm  
 100,00 MeV   2,095E-03  1,108E-06   26,21 m      1,16 m    200,98 mm  
-----------------------------------------------------------
 Multiply Stopping by        for Stopping Units
 -------------------        ------------------
  1,0000E-01                 eV / Angstrom 
  1,0000E+00                keV / micron   
  1,0000E+00                MeV / mm       
  6,0571E+01                keV / (ug/cm2) 
  6,0571E+01                MeV / (mg/cm2) 
  6,0571E+04                keV / (mg/cm2) 
  4,0897E+02                 eV / (1E15 atoms/cm2)
  3,3599E+01                L.S.S. reduced units
 ==================================================================
 (C) 1984,1989,1992,1998,2008 by J.P. Biersack and J.F. Ziegler
