 ==================================================================
              SRIM version ---> SRIM-2013.00
              Calc. date   ---> marzo 19, 2024 
 ==================================================================

 Disk File Name = SRIM Outputs\6He_He_CF4_500mbar.txt

 Ion = Helium [2] , Mass = 6 amu

 Target Density =  1,6830E-04 g/cm3 = 1,4825E+19 atoms/cm3
 Target is a GAS 
 ======= Target  Composition ========
    Atom   Atom   Atomic    Mass     
    Name   Numb   Percent   Percent  
    ----   ----   -------   -------  
      C      6    004,17    007,33   
      F      9    016,67    046,32   
     He      2    079,16    046,35   
 ====================================
 Bragg Correction = -4,14%
 Stopping Units =  MeV / mm       
 See bottom of Table for other Stopping units 

        Ion        dE/dx      dE/dx     Projected  Longitudinal   Lateral
       Energy      Elec.      Nuclear     Range     Straggling   Straggling
  --------------  ---------- ---------- ----------  ----------  ----------
999,999 eV    1,209E-03  4,327E-03  121,54 um    61,56 um    44,27 um  
   1,10 keV   1,268E-03  4,236E-03  133,92 um    67,15 um    48,31 um  
   1,20 keV   1,325E-03  4,148E-03  146,46 um    72,74 um    52,37 um  
   1,30 keV   1,379E-03  4,064E-03  159,13 um    78,32 um    56,44 um  
   1,40 keV   1,431E-03  3,983E-03  171,95 um    83,89 um    60,54 um  
   1,50 keV   1,481E-03  3,906E-03  184,89 um    89,45 um    64,65 um  
   1,60 keV   1,530E-03  3,832E-03  197,96 um    95,00 um    68,77 um  
   1,70 keV   1,577E-03  3,761E-03  211,15 um   100,54 um    72,92 um  
   1,80 keV   1,622E-03  3,694E-03  224,45 um   106,06 um    77,07 um  
   2,00 keV   1,710E-03  3,566E-03  251,39 um   117,03 um    85,46 um  
   2,25 keV   1,814E-03  3,421E-03  285,62 um   130,63 um    96,02 um  
   2,50 keV   1,912E-03  3,289E-03  320,39 um   144,13 um   106,63 um  
   2,75 keV   2,005E-03  3,168E-03  355,62 um   157,49 um   117,28 um  
   3,00 keV   2,094E-03  3,058E-03  391,27 um   170,71 um   127,96 um  
   3,25 keV   2,180E-03  2,957E-03  427,28 um   183,78 um   138,65 um  
   3,50 keV   2,262E-03  2,864E-03  463,62 um   196,68 um   149,35 um  
   3,75 keV   2,342E-03  2,777E-03  500,23 um   209,41 um   160,05 um  
   4,00 keV   2,418E-03  2,697E-03  537,09 um   221,96 um   170,73 um  
   4,50 keV   2,565E-03  2,551E-03  611,48 um   246,52 um   192,08 um  
   5,00 keV   2,704E-03  2,424E-03  686,48 um   270,39 um   213,25 um  
   5,50 keV   2,836E-03  2,310E-03  761,94 um   293,58 um   234,23 um  
   6,00 keV   2,962E-03  2,209E-03  837,69 um   316,09 um   254,97 um  
   6,50 keV   3,083E-03  2,118E-03  913,63 um   337,93 um   275,44 um  
   7,00 keV   3,199E-03  2,035E-03  989,66 um   359,12 um   295,64 um  
   8,00 keV   3,420E-03  1,890E-03    1,14 mm   399,64 um   335,24 um  
   9,00 keV   3,628E-03  1,768E-03    1,29 mm   437,84 um   373,59 um  
  10,00 keV   3,824E-03  1,663E-03    1,44 mm   473,87 um   410,68 um  
  11,00 keV   4,011E-03  1,571E-03    1,59 mm   507,90 um   446,53 um  
  12,00 keV   4,189E-03  1,491E-03    1,74 mm   540,08 um   481,17 um  
  13,00 keV   4,365E-03  1,419E-03    1,89 mm   570,53 um   514,64 um  
  14,00 keV   4,535E-03  1,355E-03    2,03 mm   599,37 um   546,96 um  
  15,00 keV   4,700E-03  1,298E-03    2,18 mm   626,72 um   578,18 um  
  16,00 keV   4,860E-03  1,246E-03    2,32 mm   652,69 um   608,34 um  
  17,00 keV   5,016E-03  1,198E-03    2,46 mm   677,40 um   637,51 um  
  18,00 keV   5,168E-03  1,154E-03    2,60 mm   700,91 um   665,71 um  
  20,00 keV   5,461E-03  1,077E-03    2,87 mm   745,01 um   719,45 um  
  22,50 keV   5,811E-03  9,957E-04    3,20 mm   794,95 um   782,00 um  
  25,00 keV   6,144E-03  9,271E-04    3,52 mm   839,82 um   839,94 um  
  27,50 keV   6,465E-03  8,685E-04    3,84 mm   880,37 um   893,78 um  
  30,00 keV   6,774E-03  8,177E-04    4,14 mm   917,23 um   943,98 um  
  32,50 keV   7,072E-03  7,731E-04    4,44 mm   950,89 um   990,92 um  
  35,00 keV   7,361E-03  7,338E-04    4,72 mm   981,77 um     1,03 mm  
  37,50 keV   7,642E-03  6,986E-04    5,00 mm     1,01 mm     1,08 mm  
  40,00 keV   7,916E-03  6,671E-04    5,28 mm     1,04 mm     1,12 mm  
  45,00 keV   8,443E-03  6,127E-04    5,81 mm     1,08 mm     1,19 mm  
  50,00 keV   8,947E-03  5,674E-04    6,31 mm     1,13 mm     1,25 mm  
  55,00 keV   9,430E-03  5,289E-04    6,80 mm     1,16 mm     1,31 mm  
  60,00 keV   9,895E-03  4,958E-04    7,26 mm     1,20 mm     1,36 mm  
  65,00 keV   1,033E-02  4,671E-04    7,71 mm     1,23 mm     1,41 mm  
  70,00 keV   1,080E-02  4,418E-04    8,14 mm     1,25 mm     1,46 mm  
  80,00 keV   1,165E-02  3,993E-04    8,97 mm     1,30 mm     1,54 mm  
  90,00 keV   1,244E-02  3,649E-04    9,74 mm     1,34 mm     1,61 mm  
 100,00 keV   1,317E-02  3,365E-04   10,48 mm     1,37 mm     1,67 mm  
 110,00 keV   1,385E-02  3,125E-04   11,18 mm     1,40 mm     1,72 mm  
 120,00 keV   1,449E-02  2,920E-04   11,86 mm     1,43 mm     1,77 mm  
 130,00 keV   1,508E-02  2,743E-04   12,50 mm     1,45 mm     1,82 mm  
 140,00 keV   1,563E-02  2,588E-04   13,13 mm     1,47 mm     1,86 mm  
 150,00 keV   1,615E-02  2,450E-04   13,74 mm     1,49 mm     1,90 mm  
 160,00 keV   1,665E-02  2,328E-04   14,33 mm     1,51 mm     1,93 mm  
 170,00 keV   1,712E-02  2,219E-04   14,90 mm     1,53 mm     1,96 mm  
 180,00 keV   1,757E-02  2,120E-04   15,46 mm     1,54 mm     1,99 mm  
 200,00 keV   1,844E-02  1,948E-04   16,54 mm     1,57 mm     2,05 mm  
 225,00 keV   1,947E-02  1,772E-04   17,83 mm     1,61 mm     2,11 mm  
 250,00 keV   2,047E-02  1,627E-04   19,06 mm     1,64 mm     2,16 mm  
 275,00 keV   2,143E-02  1,506E-04   20,23 mm     1,66 mm     2,21 mm  
 300,00 keV   2,236E-02  1,403E-04   21,35 mm     1,68 mm     2,25 mm  
 325,00 keV   2,324E-02  1,314E-04   22,43 mm     1,70 mm     2,29 mm  
 350,00 keV   2,409E-02  1,236E-04   23,48 mm     1,72 mm     2,32 mm  
 375,00 keV   2,489E-02  1,168E-04   24,49 mm     1,74 mm     2,36 mm  
 400,00 keV   2,565E-02  1,107E-04   25,46 mm     1,76 mm     2,39 mm  
 450,00 keV   2,704E-02  1,004E-04   27,34 mm     1,79 mm     2,44 mm  
 500,00 keV   2,825E-02  9,200E-05   29,14 mm     1,83 mm     2,48 mm  
 550,00 keV   2,929E-02  8,497E-05   30,86 mm     1,85 mm     2,53 mm  
 600,00 keV   3,018E-02  7,900E-05   32,53 mm     1,88 mm     2,56 mm  
 650,00 keV   3,093E-02  7,387E-05   34,16 mm     1,90 mm     2,60 mm  
 700,00 keV   3,155E-02  6,940E-05   35,75 mm     1,93 mm     2,63 mm  
 800,00 keV   3,247E-02  6,201E-05   38,85 mm     1,99 mm     2,68 mm  
 900,00 keV   3,302E-02  5,612E-05   41,90 mm     2,05 mm     2,74 mm  
   1,00 MeV   3,329E-02  5,132E-05   44,90 mm     2,11 mm     2,78 mm  
   1,10 MeV   3,336E-02  4,731E-05   47,89 mm     2,16 mm     2,82 mm  
   1,20 MeV   3,326E-02  4,393E-05   50,88 mm     2,21 mm     2,86 mm  
   1,30 MeV   3,300E-02  4,102E-05   53,89 mm     2,26 mm     2,90 mm  
   1,40 MeV   3,264E-02  3,849E-05   56,93 mm     2,31 mm     2,94 mm  
   1,50 MeV   3,223E-02  3,628E-05   60,01 mm     2,36 mm     2,98 mm  
   1,60 MeV   3,177E-02  3,432E-05   63,13 mm     2,41 mm     3,01 mm  
   1,70 MeV   3,129E-02  3,257E-05   66,29 mm     2,46 mm     3,05 mm  
   1,80 MeV   3,079E-02  3,101E-05   69,51 mm     2,51 mm     3,08 mm  
   2,00 MeV   2,977E-02  2,831E-05   76,10 mm     2,70 mm     3,15 mm  
   2,25 MeV   2,849E-02  2,556E-05   84,67 mm     2,98 mm     3,24 mm  
   2,50 MeV   2,727E-02  2,333E-05   93,63 mm     3,25 mm     3,33 mm  
   2,75 MeV   2,612E-02  2,147E-05  102,98 mm     3,53 mm     3,42 mm  
   3,00 MeV   2,503E-02  1,990E-05  112,75 mm     3,81 mm     3,51 mm  
   3,25 MeV   2,402E-02  1,856E-05  122,94 mm     4,09 mm     3,60 mm  
   3,50 MeV   2,307E-02  1,740E-05  133,55 mm     4,37 mm     3,70 mm  
   3,75 MeV   2,218E-02  1,638E-05  144,59 mm     4,66 mm     3,80 mm  
   4,00 MeV   2,136E-02  1,548E-05  156,06 mm     4,96 mm     3,91 mm  
   4,50 MeV   1,987E-02  1,396E-05  180,31 mm     6,06 mm     4,14 mm  
   5,00 MeV   1,857E-02  1,272E-05  206,32 mm     7,12 mm     4,39 mm  
   5,50 MeV   1,743E-02  1,170E-05  234,09 mm     8,17 mm     4,65 mm  
   6,00 MeV   1,643E-02  1,083E-05  263,61 mm     9,21 mm     4,94 mm  
   6,50 MeV   1,554E-02  1,009E-05  294,89 mm    10,25 mm     5,24 mm  
   7,00 MeV   1,474E-02  9,452E-06  327,90 mm    11,30 mm     5,57 mm  
   8,00 MeV   1,338E-02  8,398E-06  399,06 mm    15,20 mm     6,29 mm  
   9,00 MeV   1,227E-02  7,564E-06  477,06 mm    18,85 mm     7,09 mm  
  10,00 MeV   1,134E-02  6,888E-06  561,81 mm    22,41 mm     7,97 mm  
  11,00 MeV   1,055E-02  6,328E-06  653,23 mm    25,94 mm     8,92 mm  
  12,00 MeV   9,866E-03  5,855E-06  751,22 mm    29,49 mm     9,96 mm  
  13,00 MeV   9,339E-03  5,452E-06  855,34 mm    33,05 mm    11,06 mm  
  14,00 MeV   8,813E-03  5,102E-06  965,52 mm    36,63 mm    12,22 mm  
  15,00 MeV   8,340E-03  4,797E-06    1,08 m     40,26 mm    13,46 mm  
  16,00 MeV   7,939E-03  4,528E-06    1,20 m     43,95 mm    14,77 mm  
  17,00 MeV   7,579E-03  4,289E-06    1,33 m     47,68 mm    16,14 mm  
  18,00 MeV   7,253E-03  4,075E-06    1,47 m     51,46 mm    17,57 mm  
  20,00 MeV   6,685E-03  3,707E-06    1,76 m     65,76 mm    20,62 mm  
  22,50 MeV   6,099E-03  3,335E-06    2,15 m     86,22 mm    24,77 mm  
  25,00 MeV   5,615E-03  3,033E-06    2,57 m    105,54 mm    29,28 mm  
  27,50 MeV   5,209E-03  2,784E-06    3,04 m    124,42 mm    34,14 mm  
  30,00 MeV   4,862E-03  2,574E-06    3,53 m    143,18 mm    39,35 mm  
  32,50 MeV   4,562E-03  2,395E-06    4,06 m    161,98 mm    44,90 mm  
  35,00 MeV   4,300E-03  2,240E-06    4,63 m    180,92 mm    50,78 mm  
  37,50 MeV   4,069E-03  2,104E-06    5,23 m    200,06 mm    56,98 mm  
  40,00 MeV   3,863E-03  1,985E-06    5,86 m    219,42 mm    63,51 mm  
  45,00 MeV   3,514E-03  1,784E-06    7,21 m    292,25 mm    77,52 mm  
  50,00 MeV   3,227E-03  1,622E-06    8,70 m    360,64 mm    92,78 mm  
  55,00 MeV   2,987E-03  1,487E-06   10,31 m    427,36 mm   109,25 mm  
  60,00 MeV   2,783E-03  1,374E-06   12,04 m    493,61 mm   126,91 mm  
  65,00 MeV   2,607E-03  1,278E-06   13,90 m    560,01 mm   145,75 mm  
  70,00 MeV   2,455E-03  1,195E-06   15,87 m    626,90 mm   165,73 mm  
  80,00 MeV   2,201E-03  1,058E-06   20,17 m    875,63 mm   209,12 mm  
  90,00 MeV   1,999E-03  9,504E-07   24,94 m      1,11 m    256,93 mm  
 100,00 MeV   1,833E-03  8,633E-07   30,16 m      1,33 m    309,05 mm  
 110,00 MeV   1,696E-03  7,914E-07   35,83 m      1,56 m    365,40 mm  
 120,00 MeV   1,579E-03  7,310E-07   41,94 m      1,78 m    425,89 mm  
 130,00 MeV   1,479E-03  6,794E-07   48,49 m      2,01 m    490,42 mm  
 140,00 MeV   1,392E-03  6,349E-07   55,46 m      2,24 m    558,94 mm  
 150,00 MeV   1,315E-03  5,960E-07   62,84 m      2,48 m    631,36 mm  
 160,00 MeV   1,248E-03  5,618E-07   70,65 m      2,72 m    707,63 mm  
 170,00 MeV   1,187E-03  5,315E-07   78,86 m      2,96 m    787,69 mm  
 180,00 MeV   1,133E-03  5,043E-07   87,48 m      3,20 m    871,47 mm  
 200,00 MeV   1,040E-03  4,579E-07  105,90 m      4,14 m      1,05 m   
 225,00 MeV   9,454E-04  4,110E-07  131,11 m      5,47 m      1,29 m   
 250,00 MeV   8,682E-04  3,731E-07  158,70 m      6,73 m      1,56 m   
 275,00 MeV   8,042E-04  3,418E-07  188,61 m      7,96 m      1,84 m   
 300,00 MeV   7,501E-04  3,155E-07  220,80 m      9,18 m      2,15 m   
 325,00 MeV   7,037E-04  2,931E-07  255,20 m     10,41 m      2,48 m   
 350,00 MeV   6,636E-04  2,737E-07  291,77 m     11,64 m      2,82 m   
 375,00 MeV   6,285E-04  2,569E-07  330,48 m     12,87 m      3,18 m   
 400,00 MeV   5,975E-04  2,420E-07  371,26 m     14,12 m      3,57 m   
 450,00 MeV   5,452E-04  2,171E-07  458,86 m     18,82 m      4,38 m   
 500,00 MeV   5,028E-04  1,970E-07  554,35 m     23,20 m      5,27 m   
 550,00 MeV   4,677E-04  1,804E-07  657,45 m     27,43 m      6,22 m   
 600,00 MeV   4,381E-04  1,665E-07  767,91 m     31,60 m      7,23 m   
 650,00 MeV   4,128E-04  1,546E-07  885,46 m     35,75 m      8,29 m   
 700,00 MeV   3,910E-04  1,443E-07    1,01 km    39,89 m      9,42 m   
 800,00 MeV   3,551E-04  1,276E-07    1,28 km    55,14 m     11,82 m   
 900,00 MeV   3,269E-04  1,144E-07    1,57 km    69,10 m     14,43 m   
   1,00 GeV   3,041E-04  1,037E-07    1,89 km    82,46 m     17,21 m   
-----------------------------------------------------------
 Multiply Stopping by        for Stopping Units
 -------------------        ------------------
  1,0000E-01                 eV / Angstrom 
  1,0000E+00                keV / micron   
  1,0000E+00                MeV / mm       
  5,9420E+01                keV / (ug/cm2) 
  5,9420E+01                MeV / (mg/cm2) 
  5,9420E+04                keV / (mg/cm2) 
  6,7452E+02                 eV / (1E15 atoms/cm2)
  4,9987E+01                L.S.S. reduced units
 ==================================================================
 (C) 1984,1989,1992,1998,2008 by J.P. Biersack and J.F. Ziegler
