 ==================================================================
              SRIM version ---> SRIM-2013.00
              Calc. date   ---> marzo 19, 2024 
 ==================================================================

 Disk File Name = SRIM Outputs\8He_He_CF4_800mbar.txt

 Ion = Helium [2] , Mass = 8,033934 amu

 Target Density =  2,6930E-04 g/cm3 = 2,3722E+19 atoms/cm3
 Target is a GAS 
 ======= Target  Composition ========
    Atom   Atom   Atomic    Mass     
    Name   Numb   Percent   Percent  
    ----   ----   -------   -------  
      C      6    004,17    007,33   
      F      9    016,67    046,32   
     He      2    079,16    046,35   
 ====================================
 Bragg Correction = -4,14%
 Stopping Units =  MeV / mm       
 See bottom of Table for other Stopping units 

        Ion        dE/dx      dE/dx     Projected  Longitudinal   Lateral
       Energy      Elec.      Nuclear     Range     Straggling   Straggling
  --------------  ---------- ---------- ----------  ----------  ----------
999,999 eV    1,672E-03  8,240E-03   73,29 um    33,89 um    24,08 um  
   1,10 keV   1,754E-03  8,091E-03   80,62 um    36,95 um    26,22 um  
   1,20 keV   1,832E-03  7,946E-03   88,04 um    40,01 um    28,36 um  
   1,30 keV   1,906E-03  7,805E-03   95,54 um    43,07 um    30,51 um  
   1,40 keV   1,978E-03  7,669E-03  103,13 um    46,14 um    32,67 um  
   1,50 keV   2,048E-03  7,536E-03  110,80 um    49,21 um    34,84 um  
   1,60 keV   2,115E-03  7,409E-03  118,55 um    52,28 um    37,03 um  
   1,70 keV   2,180E-03  7,286E-03  126,37 um    55,34 um    39,22 um  
   1,80 keV   2,243E-03  7,167E-03  134,27 um    58,41 um    41,42 um  
   2,00 keV   2,365E-03  6,942E-03  150,30 um    64,53 um    45,87 um  
   2,25 keV   2,508E-03  6,682E-03  170,70 um    72,17 um    51,50 um  
   2,50 keV   2,644E-03  6,444E-03  191,49 um    79,79 um    57,18 um  
   2,75 keV   2,773E-03  6,225E-03  212,62 um    87,39 um    62,91 um  
   3,00 keV   2,896E-03  6,023E-03  234,07 um    94,94 um    68,69 um  
   3,25 keV   3,014E-03  5,837E-03  255,80 um   102,45 um    74,52 um  
   3,50 keV   3,128E-03  5,663E-03  277,79 um   109,91 um    80,38 um  
   3,75 keV   3,238E-03  5,502E-03  300,03 um   117,32 um    86,27 um  
   4,00 keV   3,344E-03  5,351E-03  322,48 um   124,66 um    92,19 um  
   4,50 keV   3,547E-03  5,078E-03  367,98 um   139,15 um   104,13 um  
   5,00 keV   3,739E-03  4,836E-03  414,14 um   153,39 um   116,10 um  
   5,50 keV   3,921E-03  4,620E-03  460,83 um   167,35 um   128,09 um  
   6,00 keV   4,096E-03  4,426E-03  507,95 um   181,02 um   140,06 um  
   6,50 keV   4,263E-03  4,250E-03  555,42 um   194,41 um   152,01 um  
   7,00 keV   4,424E-03  4,090E-03  603,17 um   207,50 um   163,90 um  
   8,00 keV   4,730E-03  3,810E-03  699,33 um   232,87 um   187,52 um  
   9,00 keV   5,016E-03  3,572E-03  795,95 um   257,11 um   210,76 um  
  10,00 keV   5,288E-03  3,366E-03  892,72 um   280,28 um   233,56 um  
  11,00 keV   5,546E-03  3,186E-03  989,41 um   302,42 um   255,89 um  
  12,00 keV   5,793E-03  3,027E-03    1,09 mm   323,58 um   277,72 um  
  13,00 keV   6,029E-03  2,885E-03    1,18 mm   343,81 um   299,03 um  
  14,00 keV   6,257E-03  2,759E-03    1,28 mm   363,18 um   319,83 um  
  15,00 keV   6,476E-03  2,644E-03    1,37 mm   381,73 um   340,11 um  
  16,00 keV   6,689E-03  2,540E-03    1,47 mm   399,51 um   359,89 um  
  17,00 keV   6,900E-03  2,445E-03    1,56 mm   416,56 um   379,18 um  
  18,00 keV   7,106E-03  2,358E-03    1,65 mm   432,91 um   397,97 um  
  20,00 keV   7,504E-03  2,203E-03    1,84 mm   463,88 um   434,16 um  
  22,50 keV   7,977E-03  2,040E-03    2,06 mm   499,45 um   476,87 um  
  25,00 keV   8,429E-03  1,902E-03    2,28 mm   531,81 um   516,96 um  
  27,50 keV   8,861E-03  1,784E-03    2,50 mm   561,40 um   554,66 um  
  30,00 keV   9,277E-03  1,681E-03    2,71 mm   588,56 um   590,16 um  
  32,50 keV   9,679E-03  1,591E-03    2,91 mm   613,60 um   623,65 um  
  35,00 keV   1,007E-02  1,511E-03    3,11 mm   636,75 um   655,32 um  
  37,50 keV   1,045E-02  1,440E-03    3,31 mm   658,22 um   685,30 um  
  40,00 keV   1,081E-02  1,376E-03    3,50 mm   678,21 um   713,75 um  
  45,00 keV   1,152E-02  1,265E-03    3,87 mm   715,09 um   766,52 um  
  50,00 keV   1,220E-02  1,173E-03    4,23 mm   747,50 um   814,46 um  
  55,00 keV   1,285E-02  1,094E-03    4,58 mm   776,26 um   858,26 um  
  60,00 keV   1,348E-02  1,026E-03    4,91 mm   801,96 um   898,48 um  
  65,00 keV   1,409E-02  9,674E-04    5,23 mm   825,11 um   935,58 um  
  70,00 keV   1,467E-02  9,156E-04    5,54 mm   846,07 um   969,95 um  
  80,00 keV   1,580E-02  8,284E-04    6,14 mm   884,40 um     1,03 mm  
  90,00 keV   1,687E-02  7,577E-04    6,70 mm   916,76 um     1,09 mm  
 100,00 keV   1,793E-02  6,992E-04    7,23 mm   944,46 um     1,13 mm  
 110,00 keV   1,892E-02  6,498E-04    7,74 mm   968,49 um     1,18 mm  
 120,00 keV   1,986E-02  6,076E-04    8,22 mm   989,61 um     1,21 mm  
 130,00 keV   2,074E-02  5,709E-04    8,69 mm     1,01 mm     1,25 mm  
 140,00 keV   2,158E-02  5,389E-04    9,14 mm     1,03 mm     1,28 mm  
 150,00 keV   2,238E-02  5,105E-04    9,57 mm     1,04 mm     1,31 mm  
 160,00 keV   2,313E-02  4,852E-04   10,00 mm     1,05 mm     1,34 mm  
 170,00 keV   2,385E-02  4,625E-04   10,40 mm     1,07 mm     1,36 mm  
 180,00 keV   2,453E-02  4,421E-04   10,80 mm     1,08 mm     1,39 mm  
 200,00 keV   2,580E-02  4,065E-04   11,57 mm     1,10 mm     1,43 mm  
 225,00 keV   2,725E-02  3,700E-04   12,49 mm     1,13 mm     1,48 mm  
 250,00 keV   2,859E-02  3,399E-04   13,36 mm     1,15 mm     1,52 mm  
 275,00 keV   2,987E-02  3,147E-04   14,20 mm     1,17 mm     1,56 mm  
 300,00 keV   3,110E-02  2,933E-04   15,00 mm     1,19 mm     1,59 mm  
 325,00 keV   3,229E-02  2,748E-04   15,78 mm     1,21 mm     1,62 mm  
 350,00 keV   3,346E-02  2,586E-04   16,52 mm     1,22 mm     1,65 mm  
 375,00 keV   3,460E-02  2,444E-04   17,25 mm     1,23 mm     1,67 mm  
 400,00 keV   3,570E-02  2,318E-04   17,95 mm     1,25 mm     1,69 mm  
 450,00 keV   3,780E-02  2,103E-04   19,29 mm     1,27 mm     1,73 mm  
 500,00 keV   3,975E-02  1,928E-04   20,57 mm     1,30 mm     1,77 mm  
 550,00 keV   4,155E-02  1,781E-04   21,78 mm     1,32 mm     1,80 mm  
 600,00 keV   4,319E-02  1,656E-04   22,95 mm     1,34 mm     1,83 mm  
 650,00 keV   4,467E-02  1,549E-04   24,08 mm     1,36 mm     1,86 mm  
 700,00 keV   4,600E-02  1,456E-04   25,18 mm     1,37 mm     1,88 mm  
 800,00 keV   4,823E-02  1,301E-04   27,29 mm     1,42 mm     1,92 mm  
 900,00 keV   4,996E-02  1,178E-04   29,31 mm     1,45 mm     1,96 mm  
   1,00 MeV   5,125E-02  1,078E-04   31,28 mm     1,49 mm     1,99 mm  
   1,10 MeV   5,218E-02  9,940E-05   33,21 mm     1,52 mm     2,02 mm  
   1,20 MeV   5,281E-02  9,231E-05   35,10 mm     1,55 mm     2,05 mm  
   1,30 MeV   5,318E-02  8,622E-05   36,98 mm     1,58 mm     2,07 mm  
   1,40 MeV   5,336E-02  8,092E-05   38,85 mm     1,61 mm     2,10 mm  
   1,50 MeV   5,336E-02  7,628E-05   40,72 mm     1,64 mm     2,12 mm  
   1,60 MeV   5,324E-02  7,218E-05   42,59 mm     1,66 mm     2,14 mm  
   1,70 MeV   5,294E-02  6,852E-05   44,47 mm     1,69 mm     2,16 mm  
   1,80 MeV   5,256E-02  6,523E-05   46,36 mm     1,72 mm     2,18 mm  
   2,00 MeV   5,162E-02  5,957E-05   50,20 mm     1,81 mm     2,22 mm  
   2,25 MeV   5,022E-02  5,381E-05   55,10 mm     1,95 mm     2,27 mm  
   2,50 MeV   4,872E-02  4,912E-05   60,14 mm     2,09 mm     2,32 mm  
   2,75 MeV   4,719E-02  4,522E-05   65,35 mm     2,22 mm     2,36 mm  
   3,00 MeV   4,567E-02  4,192E-05   70,73 mm     2,36 mm     2,41 mm  
   3,25 MeV   4,419E-02  3,910E-05   76,28 mm     2,49 mm     2,46 mm  
   3,50 MeV   4,278E-02  3,666E-05   82,03 mm     2,63 mm     2,51 mm  
   3,75 MeV   4,143E-02  3,451E-05   87,96 mm     2,77 mm     2,55 mm  
   4,00 MeV   4,014E-02  3,262E-05   94,08 mm     2,91 mm     2,60 mm  
   4,50 MeV   3,774E-02  2,942E-05  106,92 mm     3,45 mm     2,71 mm  
   5,00 MeV   3,558E-02  2,682E-05  120,55 mm     3,97 mm     2,82 mm  
   5,50 MeV   3,364E-02  2,467E-05  134,99 mm     4,48 mm     2,93 mm  
   6,00 MeV   3,188E-02  2,285E-05  150,25 mm     4,99 mm     3,06 mm  
   6,50 MeV   3,030E-02  2,129E-05  166,32 mm     5,50 mm     3,19 mm  
   7,00 MeV   2,886E-02  1,994E-05  183,22 mm     6,02 mm     3,33 mm  
   8,00 MeV   2,636E-02  1,772E-05  219,46 mm     7,93 mm     3,63 mm  
   9,00 MeV   2,428E-02  1,597E-05  258,96 mm     9,74 mm     3,97 mm  
  10,00 MeV   2,251E-02  1,454E-05  301,72 mm    11,49 mm     4,34 mm  
  11,00 MeV   2,100E-02  1,336E-05  347,68 mm    13,24 mm     4,74 mm  
  12,00 MeV   1,969E-02  1,237E-05  396,83 mm    14,99 mm     5,18 mm  
  13,00 MeV   1,855E-02  1,151E-05  449,12 mm    16,75 mm     5,65 mm  
  14,00 MeV   1,754E-02  1,078E-05  504,54 mm    18,53 mm     6,15 mm  
  15,00 MeV   1,664E-02  1,013E-05  563,04 mm    20,34 mm     6,68 mm  
  16,00 MeV   1,584E-02  9,567E-06  624,61 mm    22,16 mm     7,24 mm  
  17,00 MeV   1,520E-02  9,062E-06  689,03 mm    24,01 mm     7,83 mm  
  18,00 MeV   1,457E-02  8,610E-06  756,19 mm    25,87 mm     8,45 mm  
  20,00 MeV   1,339E-02  7,835E-06  899,34 mm    32,94 mm     9,77 mm  
  22,50 MeV   1,224E-02  7,050E-06    1,09 m     43,10 mm    11,57 mm  
  25,00 MeV   1,128E-02  6,413E-06    1,31 m     52,67 mm    13,54 mm  
  27,50 MeV   1,048E-02  5,886E-06    1,54 m     62,02 mm    15,66 mm  
  30,00 MeV   9,791E-03  5,443E-06    1,78 m     71,29 mm    17,93 mm  
  32,50 MeV   9,196E-03  5,064E-06    2,05 m     80,57 mm    20,35 mm  
  35,00 MeV   8,675E-03  4,737E-06    2,33 m     89,91 mm    22,91 mm  
  37,50 MeV   8,215E-03  4,451E-06    2,62 m     99,34 mm    25,61 mm  
  40,00 MeV   7,805E-03  4,199E-06    2,94 m    108,87 mm    28,45 mm  
  45,00 MeV   7,107E-03  3,775E-06    3,61 m    144,76 mm    34,55 mm  
  50,00 MeV   6,533E-03  3,432E-06    4,34 m    178,44 mm    41,19 mm  
  55,00 MeV   6,051E-03  3,148E-06    5,14 m    211,26 mm    48,34 mm  
  60,00 MeV   5,642E-03  2,909E-06    5,99 m    243,83 mm    56,01 mm  
  65,00 MeV   5,288E-03  2,705E-06    6,91 m    276,46 mm    64,18 mm  
  70,00 MeV   4,980E-03  2,529E-06    7,88 m    309,31 mm    72,85 mm  
  80,00 MeV   4,469E-03  2,240E-06   10,00 m    431,58 mm    91,65 mm  
  90,00 MeV   4,060E-03  2,012E-06   12,35 m    545,39 mm   112,35 mm  
 100,00 MeV   3,725E-03  1,828E-06   14,92 m    656,43 mm   134,91 mm  
 110,00 MeV   3,446E-03  1,676E-06   17,71 m    766,96 mm   159,29 mm  
 120,00 MeV   3,209E-03  1,548E-06   20,71 m    878,04 mm   185,45 mm  
 130,00 MeV   3,006E-03  1,439E-06   23,93 m    990,26 mm   213,36 mm  
 140,00 MeV   2,829E-03  1,345E-06   27,36 m      1,10 m    242,99 mm  
 150,00 MeV   2,673E-03  1,263E-06   31,00 m      1,22 m    274,31 mm  
 160,00 MeV   2,535E-03  1,190E-06   34,84 m      1,34 m    307,30 mm  
 170,00 MeV   2,412E-03  1,126E-06   38,88 m      1,45 m    341,94 mm  
 180,00 MeV   2,302E-03  1,069E-06   43,12 m      1,58 m    378,19 mm  
 200,00 MeV   2,112E-03  9,703E-07   52,19 m      2,03 m    455,52 mm  
 225,00 MeV   1,918E-03  8,710E-07   64,61 m      2,69 m    560,94 mm  
 250,00 MeV   1,760E-03  7,907E-07   78,22 m      3,31 m    675,83 mm  
 275,00 MeV   1,629E-03  7,244E-07   92,98 m      3,92 m    799,94 mm  
 300,00 MeV   1,518E-03  6,688E-07  108,88 m      4,53 m    933,01 mm  
 325,00 MeV   1,423E-03  6,213E-07  125,89 m      5,13 m      1,07 m   
 350,00 MeV   1,340E-03  5,804E-07  143,99 m      5,74 m      1,23 m   
 375,00 MeV   1,268E-03  5,447E-07  163,16 m      6,35 m      1,38 m   
 400,00 MeV   1,204E-03  5,132E-07  183,38 m      6,97 m      1,55 m   
 450,00 MeV   1,097E-03  4,604E-07  226,89 m      9,31 m      1,91 m   
 500,00 MeV   1,009E-03  4,178E-07  274,43 m     11,50 m      2,30 m   
 550,00 MeV   9,364E-04  3,826E-07  325,86 m     13,62 m      2,71 m   
 600,00 MeV   8,752E-04  3,531E-07  381,08 m     15,72 m      3,16 m   
 650,00 MeV   8,229E-04  3,279E-07  439,99 m     17,81 m      3,63 m   
 700,00 MeV   7,776E-04  3,062E-07  502,48 m     19,90 m      4,13 m   
 800,00 MeV   7,032E-04  2,706E-07  637,71 m     27,63 m      5,21 m   
 900,00 MeV   6,445E-04  2,427E-07  786,26 m     34,75 m      6,38 m   
   1,00 GeV   5,969E-04  2,201E-07  947,48 m     41,60 m      7,64 m   
-----------------------------------------------------------
 Multiply Stopping by        for Stopping Units
 -------------------        ------------------
  1,0000E-01                 eV / Angstrom 
  1,0000E+00                keV / micron   
  1,0000E+00                MeV / mm       
  3,7135E+01                keV / (ug/cm2) 
  3,7135E+01                MeV / (mg/cm2) 
  3,7135E+04                keV / (mg/cm2) 
  4,2155E+02                 eV / (1E15 atoms/cm2)
  2,7027E+01                L.S.S. reduced units
 ==================================================================
 (C) 1984,1989,1992,1998,2008 by J.P. Biersack and J.F. Ziegler
