 ==================================================================
              SRIM version ---> SRIM-2013.00
              Calc. date   ---> marzo 26, 2024 
 ==================================================================

 Disk File Name = SRIM Outputs\8He_He97_butane_500mbar.txt

 Ion = Helium [2] , Mass = 8 amu

 Target Density =  1,1540E-04 g/cm3 = 1,7168E+19 atoms/cm3
 Target is a GAS 
 ======= Target  Composition ========
    Atom   Atom   Atomic    Mass     
    Name   Numb   Percent   Percent  
    ----   ----   -------   -------  
      H      1    021,58    005,37   
      C      6    008,63    025,61   
     He      2    069,79    069,01   
 ====================================
 Bragg Correction = 3,27%
 Stopping Units =  MeV / mm       
 See bottom of Table for other Stopping units 

        Ion        dE/dx      dE/dx     Projected  Longitudinal   Lateral
       Energy      Elec.      Nuclear     Range     Straggling   Straggling
  --------------  ---------- ---------- ----------  ----------  ----------
999,999 eV    9,756E-04  5,112E-03  134,71 um    46,71 um    33,41 um  
   1,10 keV   1,023E-03  5,006E-03  148,36 um    50,87 um    36,34 um  
   1,20 keV   1,069E-03  4,904E-03  162,19 um    55,03 um    39,28 um  
   1,30 keV   1,112E-03  4,805E-03  176,20 um    59,18 um    42,23 um  
   1,40 keV   1,154E-03  4,711E-03  190,39 um    63,34 um    45,20 um  
   1,50 keV   1,195E-03  4,620E-03  204,74 um    67,48 um    48,18 um  
   1,60 keV   1,234E-03  4,532E-03  219,26 um    71,63 um    51,18 um  
   1,70 keV   1,272E-03  4,448E-03  233,94 um    75,76 um    54,19 um  
   1,80 keV   1,309E-03  4,367E-03  248,77 um    79,90 um    57,23 um  
   2,00 keV   1,380E-03  4,216E-03  278,87 um    88,16 um    63,36 um  
   2,25 keV   1,463E-03  4,042E-03  317,27 um    98,44 um    71,12 um  
   2,50 keV   1,543E-03  3,884E-03  356,43 um   108,66 um    78,97 um  
   2,75 keV   1,618E-03  3,740E-03  396,28 um   118,81 um    86,92 um  
   3,00 keV   1,690E-03  3,608E-03  436,77 um   128,86 um    94,94 um  
   3,25 keV   1,759E-03  3,487E-03  477,82 um   138,83 um   103,02 um  
   3,50 keV   1,825E-03  3,375E-03  519,39 um   148,70 um   111,17 um  
   3,75 keV   1,889E-03  3,271E-03  561,42 um   158,47 um   119,36 um  
   4,00 keV   1,951E-03  3,175E-03  603,88 um   168,13 um   127,59 um  
   4,50 keV   2,070E-03  3,000E-03  689,91 um   187,24 um   144,17 um  
   5,00 keV   2,182E-03  2,848E-03  777,16 um   205,88 um   160,82 um  
   5,50 keV   2,288E-03  2,712E-03  865,38 um   224,06 um   177,48 um  
   6,00 keV   2,390E-03  2,591E-03  954,37 um   241,77 um   194,11 um  
   6,50 keV   2,487E-03  2,482E-03    1,04 mm   259,03 um   210,67 um  
   7,00 keV   2,581E-03  2,383E-03    1,13 mm   275,83 um   227,14 um  
   8,00 keV   2,759E-03  2,210E-03    1,31 mm   308,45 um   259,75 um  
   9,00 keV   2,927E-03  2,065E-03    1,50 mm   339,32 um   291,74 um  
  10,00 keV   3,085E-03  1,940E-03    1,68 mm   368,55 um   323,03 um  
  11,00 keV   3,236E-03  1,831E-03    1,86 mm   396,27 um   353,54 um  
  12,00 keV   3,379E-03  1,736E-03    2,04 mm   422,57 um   383,26 um  
  13,00 keV   3,517E-03  1,651E-03    2,22 mm   447,56 um   412,17 um  
  14,00 keV   3,650E-03  1,575E-03    2,39 mm   471,32 um   440,28 um  
  15,00 keV   3,778E-03  1,507E-03    2,57 mm   493,95 um   467,60 um  
  16,00 keV   3,902E-03  1,446E-03    2,74 mm   515,52 um   494,15 um  
  17,00 keV   4,027E-03  1,390E-03    2,92 mm   536,09 um   519,93 um  
  18,00 keV   4,149E-03  1,338E-03    3,09 mm   555,72 um   544,97 um  
  20,00 keV   4,384E-03  1,247E-03    3,43 mm   593,16 um   592,93 um  
  22,50 keV   4,664E-03  1,152E-03    3,84 mm   635,97 um   649,12 um  
  25,00 keV   4,932E-03  1,071E-03    4,24 mm   674,48 um   701,46 um  
  27,50 keV   5,189E-03  1,003E-03    4,62 mm   709,33 um   750,32 um  
  30,00 keV   5,436E-03  9,434E-04    5,00 mm   741,05 um   796,02 um  
  32,50 keV   5,676E-03  8,914E-04    5,37 mm   770,04 um   838,88 um  
  35,00 keV   5,908E-03  8,455E-04    5,73 mm   796,67 um   879,15 um  
  37,50 keV   6,134E-03  8,045E-04    6,08 mm   821,21 um   917,07 um  
  40,00 keV   6,355E-03  7,678E-04    6,42 mm   843,92 um   952,86 um  
  45,00 keV   6,779E-03  7,045E-04    7,08 mm   886,85 um     1,02 mm  
  50,00 keV   7,186E-03  6,519E-04    7,72 mm   924,21 um     1,08 mm  
  55,00 keV   7,576E-03  6,073E-04    8,32 mm   957,07 um     1,13 mm  
  60,00 keV   7,953E-03  5,690E-04    8,90 mm   986,24 um     1,18 mm  
  65,00 keV   8,317E-03  5,356E-04    9,47 mm     1,01 mm     1,23 mm  
  70,00 keV   8,669E-03  5,064E-04   10,01 mm     1,04 mm     1,27 mm  
  80,00 keV   9,340E-03  4,573E-04   11,04 mm     1,08 mm     1,34 mm  
  90,00 keV   1,001E-02  4,176E-04   12,01 mm     1,12 mm     1,41 mm  
 100,00 keV   1,074E-02  3,848E-04   12,92 mm     1,15 mm     1,46 mm  
 110,00 keV   1,140E-02  3,572E-04   13,78 mm     1,18 mm     1,51 mm  
 120,00 keV   1,200E-02  3,336E-04   14,60 mm     1,20 mm     1,55 mm  
 130,00 keV   1,258E-02  3,132E-04   15,38 mm     1,22 mm     1,59 mm  
 140,00 keV   1,311E-02  2,953E-04   16,14 mm     1,24 mm     1,63 mm  
 150,00 keV   1,362E-02  2,796E-04   16,86 mm     1,26 mm     1,66 mm  
 160,00 keV   1,411E-02  2,656E-04   17,56 mm     1,27 mm     1,69 mm  
 170,00 keV   1,457E-02  2,530E-04   18,24 mm     1,29 mm     1,72 mm  
 180,00 keV   1,500E-02  2,416E-04   18,90 mm     1,30 mm     1,75 mm  
 200,00 keV   1,582E-02  2,220E-04   20,17 mm     1,33 mm     1,79 mm  
 225,00 keV   1,675E-02  2,018E-04   21,67 mm     1,37 mm     1,84 mm  
 250,00 keV   1,762E-02  1,852E-04   23,10 mm     1,40 mm     1,89 mm  
 275,00 keV   1,845E-02  1,713E-04   24,47 mm     1,42 mm     1,93 mm  
 300,00 keV   1,925E-02  1,595E-04   25,78 mm     1,44 mm     1,96 mm  
 325,00 keV   2,004E-02  1,493E-04   27,03 mm     1,46 mm     1,99 mm  
 350,00 keV   2,080E-02  1,405E-04   28,24 mm     1,48 mm     2,02 mm  
 375,00 keV   2,154E-02  1,327E-04   29,41 mm     1,50 mm     2,05 mm  
 400,00 keV   2,226E-02  1,258E-04   30,54 mm     1,52 mm     2,07 mm  
 450,00 keV   2,363E-02  1,140E-04   32,70 mm     1,56 mm     2,11 mm  
 500,00 keV   2,490E-02  1,044E-04   34,75 mm     1,60 mm     2,15 mm  
 550,00 keV   2,609E-02  9,640E-05   36,70 mm     1,63 mm     2,18 mm  
 600,00 keV   2,717E-02  8,961E-05   38,57 mm     1,66 mm     2,21 mm  
 650,00 keV   2,814E-02  8,376E-05   40,36 mm     1,68 mm     2,23 mm  
 700,00 keV   2,900E-02  7,868E-05   42,11 mm     1,71 mm     2,26 mm  
 800,00 keV   3,044E-02  7,027E-05   45,46 mm     1,78 mm     2,30 mm  
 900,00 keV   3,153E-02  6,357E-05   48,67 mm     1,84 mm     2,33 mm  
   1,00 MeV   3,232E-02  5,811E-05   51,79 mm     1,90 mm     2,36 mm  
   1,10 MeV   3,285E-02  5,356E-05   54,85 mm     1,96 mm     2,39 mm  
   1,20 MeV   3,318E-02  4,972E-05   57,88 mm     2,01 mm     2,42 mm  
   1,30 MeV   3,334E-02  4,642E-05   60,88 mm     2,06 mm     2,44 mm  
   1,40 MeV   3,336E-02  4,355E-05   63,87 mm     2,11 mm     2,46 mm  
   1,50 MeV   3,327E-02  4,104E-05   66,86 mm     2,15 mm     2,49 mm  
   1,60 MeV   3,310E-02  3,881E-05   69,87 mm     2,20 mm     2,51 mm  
   1,70 MeV   3,267E-02  3,683E-05   72,91 mm     2,25 mm     2,53 mm  
   1,80 MeV   3,220E-02  3,506E-05   75,99 mm     2,29 mm     2,55 mm  
   2,00 MeV   3,118E-02  3,200E-05   82,29 mm     2,47 mm     2,59 mm  
   2,25 MeV   2,983E-02  2,889E-05   90,48 mm     2,73 mm     2,64 mm  
   2,50 MeV   2,849E-02  2,636E-05   99,05 mm     3,00 mm     2,68 mm  
   2,75 MeV   2,720E-02  2,425E-05  108,02 mm     3,26 mm     2,73 mm  
   3,00 MeV   2,597E-02  2,248E-05  117,42 mm     3,53 mm     2,78 mm  
   3,25 MeV   2,483E-02  2,096E-05  127,26 mm     3,80 mm     2,83 mm  
   3,50 MeV   2,380E-02  1,964E-05  137,53 mm     4,08 mm     2,89 mm  
   3,75 MeV   2,284E-02  1,849E-05  148,24 mm     4,36 mm     2,94 mm  
   4,00 MeV   2,195E-02  1,747E-05  159,40 mm     4,64 mm     3,00 mm  
   4,50 MeV   2,037E-02  1,575E-05  183,03 mm     5,74 mm     3,12 mm  
   5,00 MeV   1,900E-02  1,435E-05  208,44 mm     6,78 mm     3,25 mm  
   5,50 MeV   1,782E-02  1,319E-05  235,60 mm     7,81 mm     3,40 mm  
   6,00 MeV   1,678E-02  1,222E-05  264,50 mm     8,83 mm     3,56 mm  
   6,50 MeV   1,587E-02  1,138E-05  295,13 mm     9,85 mm     3,73 mm  
   7,00 MeV   1,505E-02  1,066E-05  327,46 mm    10,87 mm     3,91 mm  
   8,00 MeV   1,367E-02  9,466E-06  397,14 mm    14,70 mm     4,31 mm  
   9,00 MeV   1,254E-02  8,524E-06  473,49 mm    18,27 mm     4,77 mm  
  10,00 MeV   1,159E-02  7,761E-06  556,40 mm    21,74 mm     5,28 mm  
  11,00 MeV   1,079E-02  7,128E-06  645,81 mm    25,18 mm     5,83 mm  
  12,00 MeV   1,009E-02  6,596E-06  741,64 mm    28,63 mm     6,44 mm  
  13,00 MeV   9,485E-03  6,140E-06  843,82 mm    32,10 mm     7,09 mm  
  14,00 MeV   8,953E-03  5,746E-06  952,29 mm    35,62 mm     7,79 mm  
  15,00 MeV   8,480E-03  5,402E-06    1,07 m     39,18 mm     8,53 mm  
  16,00 MeV   8,058E-03  5,098E-06    1,19 m     42,79 mm     9,32 mm  
  17,00 MeV   7,721E-03  4,828E-06    1,31 m     46,43 mm    10,15 mm  
  18,00 MeV   7,384E-03  4,587E-06    1,45 m     50,11 mm    11,02 mm  
  20,00 MeV   6,761E-03  4,173E-06    1,73 m     64,22 mm    12,87 mm  
  22,50 MeV   6,165E-03  3,753E-06    2,12 m     84,51 mm    15,42 mm  
  25,00 MeV   5,674E-03  3,413E-06    2,54 m    103,62 mm    18,19 mm  
  27,50 MeV   5,260E-03  3,132E-06    3,00 m    122,29 mm    21,19 mm  
  30,00 MeV   4,908E-03  2,896E-06    3,49 m    140,82 mm    24,41 mm  
  32,50 MeV   4,603E-03  2,694E-06    4,02 m    159,39 mm    27,85 mm  
  35,00 MeV   4,336E-03  2,519E-06    4,57 m    178,09 mm    31,49 mm  
  37,50 MeV   4,102E-03  2,367E-06    5,17 m    196,99 mm    35,34 mm  
  40,00 MeV   3,893E-03  2,232E-06    5,79 m    216,10 mm    39,40 mm  
  45,00 MeV   3,538E-03  2,006E-06    7,14 m    288,44 mm    48,11 mm  
  50,00 MeV   3,247E-03  1,823E-06    8,61 m    356,33 mm    57,60 mm  
  55,00 MeV   3,003E-03  1,672E-06   10,22 m    422,56 mm    67,87 mm  
  60,00 MeV   2,796E-03  1,545E-06   11,94 m    488,33 mm    78,89 mm  
  65,00 MeV   2,618E-03  1,436E-06   13,79 m    554,26 mm    90,65 mm  
  70,00 MeV   2,463E-03  1,343E-06   15,76 m    620,70 mm   103,14 mm  
  80,00 MeV   2,206E-03  1,189E-06   20,05 m    868,92 mm   130,29 mm  
  90,00 MeV   2,001E-03  1,068E-06   24,81 m      1,10 m    160,26 mm  
 100,00 MeV   1,834E-03  9,699E-07   30,02 m      1,33 m    192,97 mm  
 110,00 MeV   1,695E-03  8,890E-07   35,70 m      1,55 m    228,38 mm  
 120,00 MeV   1,577E-03  8,210E-07   41,81 m      1,78 m    266,43 mm  
 130,00 MeV   1,475E-03  7,630E-07   48,37 m      2,01 m    307,09 mm  
 140,00 MeV   1,387E-03  7,130E-07   55,36 m      2,24 m    350,29 mm  
 150,00 MeV   1,310E-03  6,693E-07   62,77 m      2,47 m    396,02 mm  
 160,00 MeV   1,242E-03  6,309E-07   70,61 m      2,71 m    444,22 mm  
 170,00 MeV   1,181E-03  5,968E-07   78,87 m      2,95 m    494,87 mm  
 180,00 MeV   1,126E-03  5,663E-07   87,54 m      3,20 m    547,93 mm  
 200,00 MeV   1,032E-03  5,141E-07  106,09 m      4,14 m    661,22 mm  
 225,00 MeV   9,365E-04  4,613E-07  131,51 m      5,49 m    815,89 mm  
 250,00 MeV   8,586E-04  4,187E-07  159,39 m      6,76 m    984,68 mm  
 275,00 MeV   7,940E-04  3,836E-07  189,67 m      8,01 m      1,17 m   
 300,00 MeV   7,394E-04  3,541E-07  222,29 m      9,25 m      1,36 m   
 325,00 MeV   6,926E-04  3,289E-07  257,22 m     10,49 m      1,57 m   
 350,00 MeV   6,521E-04  3,072E-07  294,42 m     11,74 m      1,79 m   
 375,00 MeV   6,167E-04  2,882E-07  333,83 m     13,01 m      2,03 m   
 400,00 MeV   5,854E-04  2,716E-07  375,43 m     14,28 m      2,27 m   
 450,00 MeV   5,326E-04  2,436E-07  464,98 m     19,10 m      2,80 m   
 500,00 MeV   4,898E-04  2,210E-07  562,88 m     23,61 m      3,38 m   
 550,00 MeV   4,543E-04  2,024E-07  668,88 m     27,98 m      4,00 m   
 600,00 MeV   4,244E-04  1,867E-07  782,75 m     32,30 m      4,66 m   
 650,00 MeV   3,988E-04  1,734E-07  904,28 m     36,61 m      5,36 m   
 700,00 MeV   3,767E-04  1,619E-07    1,03 km    40,92 m      6,10 m   
 800,00 MeV   3,404E-04  1,431E-07    1,31 km    56,91 m      7,70 m   
 900,00 MeV   3,118E-04  1,283E-07    1,62 km    71,62 m      9,44 m   
   1,00 GeV   2,887E-04  1,163E-07    1,95 km    85,79 m     11,31 m   
-----------------------------------------------------------
 Multiply Stopping by        for Stopping Units
 -------------------        ------------------
  1,0000E-01                 eV / Angstrom 
  1,0000E+00                keV / micron   
  1,0000E+00                MeV / mm       
  8,6658E+01                keV / (ug/cm2) 
  8,6658E+01                MeV / (mg/cm2) 
  8,6658E+04                keV / (mg/cm2) 
  5,8246E+02                 eV / (1E15 atoms/cm2)
  4,3830E+01                L.S.S. reduced units
 ==================================================================
 (C) 1984,1989,1992,1998,2008 by J.P. Biersack and J.F. Ziegler
