 ==================================================================
              SRIM version ---> SRIM-2013.00
              Calc. date   ---> mars 26, 2024 
 ==================================================================

 Disk File Name = SRIM Outputs\8He_He97_butane_600mbar.txt

 Ion = Helium [2] , Mass = 8 amu

 Target Density =  1,3850E-04 g/cm3 = 2,0605E+19 atoms/cm3
 Target is a GAS 
 ======= Target  Composition ========
    Atom   Atom   Atomic    Mass     
    Name   Numb   Percent   Percent  
    ----   ----   -------   -------  
     He      2    069,79    069,01   
      H      1    021,58    005,37   
      C      6    008,63    025,61   
 ====================================
 Bragg Correction = 3,27%
 Stopping Units =  MeV / mm       
 See bottom of Table for other Stopping units 

        Ion        dE/dx      dE/dx     Projected  Longitudinal   Lateral
       Energy      Elec.      Nuclear     Range     Straggling   Straggling
  --------------  ---------- ---------- ----------  ----------  ----------
999,999 eV    1,171E-03  6,135E-03  112,25 um    38,92 um    27,84 um  
   1,10 keV   1,228E-03  6,008E-03  123,62 um    42,39 um    30,28 um  
   1,20 keV   1,283E-03  5,886E-03  135,14 um    45,85 um    32,73 um  
   1,30 keV   1,335E-03  5,767E-03  146,82 um    49,31 um    35,19 um  
   1,40 keV   1,385E-03  5,654E-03  158,63 um    52,77 um    37,66 um  
   1,50 keV   1,434E-03  5,544E-03  170,60 um    56,23 um    40,14 um  
   1,60 keV   1,481E-03  5,439E-03  182,69 um    59,68 um    42,64 um  
   1,70 keV   1,527E-03  5,338E-03  194,92 um    63,13 um    45,15 um  
   1,80 keV   1,571E-03  5,242E-03  207,28 um    66,57 um    47,68 um  
   2,00 keV   1,656E-03  5,059E-03  232,36 um    73,45 um    52,79 um  
   2,25 keV   1,756E-03  4,851E-03  264,35 um    82,02 um    59,26 um  
   2,50 keV   1,851E-03  4,662E-03  296,98 um    90,54 um    65,80 um  
   2,75 keV   1,942E-03  4,489E-03  330,19 um    98,99 um    72,42 um  
   3,00 keV   2,028E-03  4,331E-03  363,92 um   107,37 um    79,10 um  
   3,25 keV   2,111E-03  4,185E-03  398,13 um   115,67 um    85,84 um  
   3,50 keV   2,191E-03  4,051E-03  432,76 um   123,90 um    92,63 um  
   3,75 keV   2,267E-03  3,926E-03  467,78 um   132,04 um    99,45 um  
   4,00 keV   2,342E-03  3,810E-03  503,16 um   140,09 um   106,31 um  
   4,50 keV   2,484E-03  3,601E-03  574,84 um   156,01 um   120,13 um  
   5,00 keV   2,618E-03  3,418E-03  647,54 um   171,54 um   134,00 um  
   5,50 keV   2,746E-03  3,255E-03  721,05 um   186,69 um   147,88 um  
   6,00 keV   2,868E-03  3,109E-03  795,19 um   201,45 um   161,73 um  
   6,50 keV   2,985E-03  2,978E-03  869,83 um   215,82 um   175,53 um  
   7,00 keV   3,098E-03  2,860E-03  944,84 um   229,82 um   189,26 um  
   8,00 keV   3,312E-03  2,653E-03    1,10 mm   257,00 um   216,43 um  
   9,00 keV   3,513E-03  2,478E-03    1,25 mm   282,72 um   243,09 um  
  10,00 keV   3,703E-03  2,328E-03    1,40 mm   307,08 um   269,15 um  
  11,00 keV   3,883E-03  2,198E-03    1,55 mm   330,18 um   294,57 um  
  12,00 keV   4,056E-03  2,083E-03    1,70 mm   352,09 um   319,34 um  
  13,00 keV   4,222E-03  1,982E-03    1,85 mm   372,91 um   343,43 um  
  14,00 keV   4,381E-03  1,891E-03    2,00 mm   392,71 um   366,85 um  
  15,00 keV   4,535E-03  1,809E-03    2,14 mm   411,56 um   389,61 um  
  16,00 keV   4,683E-03  1,735E-03    2,29 mm   429,53 um   411,73 um  
  17,00 keV   4,833E-03  1,668E-03    2,43 mm   446,68 um   433,21 um  
  18,00 keV   4,979E-03  1,606E-03    2,57 mm   463,03 um   454,08 um  
  20,00 keV   5,261E-03  1,497E-03    2,85 mm   494,23 um   494,04 um  
  22,50 keV   5,598E-03  1,382E-03    3,20 mm   529,90 um   540,86 um  
  25,00 keV   5,919E-03  1,286E-03    3,53 mm   561,99 um   584,47 um  
  27,50 keV   6,227E-03  1,204E-03    3,85 mm   591,03 um   625,17 um  
  30,00 keV   6,525E-03  1,132E-03    4,17 mm   617,45 um   663,26 um  
  32,50 keV   6,812E-03  1,070E-03    4,48 mm   641,61 um   698,96 um  
  35,00 keV   7,091E-03  1,015E-03    4,78 mm   663,80 um   732,52 um  
  37,50 keV   7,362E-03  9,656E-04    5,07 mm   684,25 um   764,12 um  
  40,00 keV   7,627E-03  9,215E-04    5,35 mm   703,17 um   793,94 um  
  45,00 keV   8,136E-03  8,456E-04    5,90 mm   738,94 um   848,85 um  
  50,00 keV   8,624E-03  7,824E-04    6,43 mm   770,06 um   898,30 um  
  55,00 keV   9,093E-03  7,288E-04    6,93 mm   797,44 um   943,12 um  
  60,00 keV   9,545E-03  6,828E-04    7,42 mm   821,74 um   983,99 um  
  65,00 keV   9,981E-03  6,429E-04    7,89 mm   843,50 um     1,02 mm  
  70,00 keV   1,040E-02  6,077E-04    8,34 mm   863,10 um     1,06 mm  
  80,00 keV   1,121E-02  5,488E-04    9,20 mm   900,99 um     1,12 mm  
  90,00 keV   1,202E-02  5,012E-04   10,01 mm   932,67 um     1,17 mm  
 100,00 keV   1,289E-02  4,618E-04   10,77 mm   959,41 um     1,22 mm  
 110,00 keV   1,368E-02  4,287E-04   11,48 mm   982,27 um     1,26 mm  
 120,00 keV   1,441E-02  4,004E-04   12,17 mm     1,00 mm     1,30 mm  
 130,00 keV   1,509E-02  3,759E-04   12,82 mm     1,02 mm     1,33 mm  
 140,00 keV   1,574E-02  3,545E-04   13,44 mm     1,04 mm     1,36 mm  
 150,00 keV   1,635E-02  3,355E-04   14,05 mm     1,05 mm     1,39 mm  
 160,00 keV   1,693E-02  3,187E-04   14,63 mm     1,06 mm     1,41 mm  
 170,00 keV   1,748E-02  3,036E-04   15,20 mm     1,07 mm     1,43 mm  
 180,00 keV   1,801E-02  2,900E-04   15,75 mm     1,08 mm     1,45 mm  
 200,00 keV   1,899E-02  2,664E-04   16,80 mm     1,11 mm     1,49 mm  
 225,00 keV   2,011E-02  2,422E-04   18,06 mm     1,14 mm     1,54 mm  
 250,00 keV   2,115E-02  2,223E-04   19,25 mm     1,16 mm     1,57 mm  
 275,00 keV   2,215E-02  2,056E-04   20,39 mm     1,18 mm     1,60 mm  
 300,00 keV   2,311E-02  1,914E-04   21,48 mm     1,20 mm     1,63 mm  
 325,00 keV   2,405E-02  1,792E-04   22,52 mm     1,22 mm     1,66 mm  
 350,00 keV   2,496E-02  1,686E-04   23,53 mm     1,24 mm     1,68 mm  
 375,00 keV   2,585E-02  1,592E-04   24,51 mm     1,25 mm     1,70 mm  
 400,00 keV   2,672E-02  1,509E-04   25,45 mm     1,26 mm     1,72 mm  
 450,00 keV   2,836E-02  1,369E-04   27,25 mm     1,30 mm     1,76 mm  
 500,00 keV   2,989E-02  1,253E-04   28,95 mm     1,33 mm     1,79 mm  
 550,00 keV   3,131E-02  1,157E-04   30,58 mm     1,36 mm     1,82 mm  
 600,00 keV   3,260E-02  1,075E-04   32,13 mm     1,38 mm     1,84 mm  
 650,00 keV   3,377E-02  1,005E-04   33,63 mm     1,40 mm     1,86 mm  
 700,00 keV   3,481E-02  9,443E-05   35,08 mm     1,42 mm     1,88 mm  
 800,00 keV   3,654E-02  8,433E-05   37,88 mm     1,48 mm     1,91 mm  
 900,00 keV   3,784E-02  7,630E-05   40,55 mm     1,54 mm     1,94 mm  
   1,00 MeV   3,879E-02  6,974E-05   43,16 mm     1,59 mm     1,97 mm  
   1,10 MeV   3,943E-02  6,429E-05   45,71 mm     1,63 mm     1,99 mm  
   1,20 MeV   3,982E-02  5,967E-05   48,22 mm     1,67 mm     2,01 mm  
   1,30 MeV   4,001E-02  5,571E-05   50,72 mm     1,72 mm     2,03 mm  
   1,40 MeV   4,004E-02  5,227E-05   53,22 mm     1,76 mm     2,05 mm  
   1,50 MeV   3,993E-02  4,925E-05   55,71 mm     1,79 mm     2,07 mm  
   1,60 MeV   3,973E-02  4,658E-05   58,22 mm     1,83 mm     2,09 mm  
   1,70 MeV   3,921E-02  4,421E-05   60,75 mm     1,87 mm     2,11 mm  
   1,80 MeV   3,865E-02  4,207E-05   63,31 mm     1,91 mm     2,12 mm  
   2,00 MeV   3,742E-02  3,840E-05   68,57 mm     2,05 mm     2,16 mm  
   2,25 MeV   3,580E-02  3,467E-05   75,39 mm     2,28 mm     2,20 mm  
   2,50 MeV   3,419E-02  3,163E-05   82,53 mm     2,50 mm     2,24 mm  
   2,75 MeV   3,264E-02  2,911E-05   90,00 mm     2,72 mm     2,28 mm  
   3,00 MeV   3,117E-02  2,698E-05   97,84 mm     2,94 mm     2,32 mm  
   3,25 MeV   2,980E-02  2,515E-05  106,03 mm     3,17 mm     2,36 mm  
   3,50 MeV   2,856E-02  2,357E-05  114,59 mm     3,40 mm     2,40 mm  
   3,75 MeV   2,741E-02  2,219E-05  123,52 mm     3,63 mm     2,45 mm  
   4,00 MeV   2,635E-02  2,096E-05  132,81 mm     3,87 mm     2,50 mm  
   4,50 MeV   2,445E-02  1,890E-05  152,51 mm     4,78 mm     2,60 mm  
   5,00 MeV   2,281E-02  1,722E-05  173,67 mm     5,65 mm     2,71 mm  
   5,50 MeV   2,138E-02  1,583E-05  196,30 mm     6,51 mm     2,83 mm  
   6,00 MeV   2,014E-02  1,466E-05  220,38 mm     7,36 mm     2,96 mm  
   6,50 MeV   1,904E-02  1,366E-05  245,90 mm     8,21 mm     3,11 mm  
   7,00 MeV   1,807E-02  1,279E-05  272,85 mm     9,06 mm     3,26 mm  
   8,00 MeV   1,641E-02  1,136E-05  330,90 mm    12,25 mm     3,59 mm  
   9,00 MeV   1,505E-02  1,023E-05  394,52 mm    15,22 mm     3,97 mm  
  10,00 MeV   1,391E-02  9,314E-06  463,60 mm    18,11 mm     4,40 mm  
  11,00 MeV   1,294E-02  8,555E-06  538,10 mm    20,98 mm     4,86 mm  
  12,00 MeV   1,211E-02  7,916E-06  617,94 mm    23,85 mm     5,37 mm  
  13,00 MeV   1,138E-02  7,369E-06  703,08 mm    26,75 mm     5,91 mm  
  14,00 MeV   1,074E-02  6,896E-06  793,46 mm    29,68 mm     6,49 mm  
  15,00 MeV   1,018E-02  6,483E-06  889,05 mm    32,64 mm     7,11 mm  
  16,00 MeV   9,671E-03  6,119E-06  989,81 mm    35,65 mm     7,77 mm  
  17,00 MeV   9,267E-03  5,795E-06    1,10 m     38,69 mm     8,46 mm  
  18,00 MeV   8,862E-03  5,505E-06    1,21 m     41,75 mm     9,18 mm  
  20,00 MeV   8,115E-03  5,008E-06    1,44 m     53,51 mm    10,73 mm  
  22,50 MeV   7,400E-03  4,504E-06    1,76 m     70,41 mm    12,84 mm  
  25,00 MeV   6,809E-03  4,097E-06    2,12 m     86,34 mm    15,16 mm  
  27,50 MeV   6,313E-03  3,759E-06    2,50 m    101,89 mm    17,66 mm  
  30,00 MeV   5,890E-03  3,475E-06    2,91 m    117,33 mm    20,34 mm  
  32,50 MeV   5,524E-03  3,233E-06    3,35 m    132,81 mm    23,20 mm  
  35,00 MeV   5,204E-03  3,023E-06    3,81 m    148,39 mm    26,24 mm  
  37,50 MeV   4,923E-03  2,840E-06    4,31 m    164,13 mm    29,45 mm  
  40,00 MeV   4,672E-03  2,679E-06    4,83 m    180,06 mm    32,82 mm  
  45,00 MeV   4,246E-03  2,408E-06    5,95 m    240,33 mm    40,08 mm  
  50,00 MeV   3,896E-03  2,188E-06    7,18 m    296,90 mm    48,00 mm  
  55,00 MeV   3,604E-03  2,007E-06    8,51 m    352,08 mm    56,55 mm  
  60,00 MeV   3,356E-03  1,854E-06    9,95 m    406,88 mm    65,73 mm  
  65,00 MeV   3,142E-03  1,724E-06   11,49 m    461,82 mm    75,53 mm  
  70,00 MeV   2,956E-03  1,612E-06   13,13 m    517,18 mm    85,94 mm  
  80,00 MeV   2,648E-03  1,427E-06   16,70 m    724,00 mm   108,56 mm  
  90,00 MeV   2,402E-03  1,282E-06   20,67 m    916,61 mm   133,53 mm  
 100,00 MeV   2,201E-03  1,164E-06   25,02 m      1,10 m    160,78 mm  
-----------------------------------------------------------
 Multiply Stopping by        for Stopping Units
 -------------------        ------------------
  1,0000E-01                 eV / Angstrom 
  1,0000E+00                keV / micron   
  1,0000E+00                MeV / mm       
  7,2205E+01                keV / (ug/cm2) 
  7,2205E+01                MeV / (mg/cm2) 
  7,2205E+04                keV / (mg/cm2) 
  4,8532E+02                 eV / (1E15 atoms/cm2)
  3,6520E+01                L.S.S. reduced units
 ==================================================================
 (C) 1984,1989,1992,1998,2008 by J.P. Biersack and J.F. Ziegler
