 ==================================================================
              SRIM version ---> SRIM-2013.00
              Calc. date   ---> marzo 15, 2024 
 ==================================================================

 Disk File Name = SRIM Outputs\8He_He_CF4_1bar.txt

 Ion = Helium [2] , Mass = 8,033934 amu

 Target Density =  3,0210E-04 g/cm3 = 2,8663E+19 atoms/cm3
 Target is a GAS 
 ======= Target  Composition ========
    Atom   Atom   Atomic    Mass     
    Name   Numb   Percent   Percent  
    ----   ----   -------   -------  
      C      6    003,45    006,53   
      F      9    013,79    041,28   
     He      2    082,76    052,19   
 ====================================
 Bragg Correction = -4,14%
 Stopping Units =  MeV / mm       
 See bottom of Table for other Stopping units 

        Ion        dE/dx      dE/dx     Projected  Longitudinal   Lateral
       Energy      Elec.      Nuclear     Range     Straggling   Straggling
  --------------  ---------- ---------- ----------  ----------  ----------
999,999 eV    1,915E-03  9,690E-03   63,70 um    28,24 um    20,06 um  
   1,10 keV   2,009E-03  9,508E-03   70,11 um    30,81 um    21,85 um  
   1,20 keV   2,098E-03  9,331E-03   76,60 um    33,37 um    23,64 um  
   1,30 keV   2,184E-03  9,158E-03   83,16 um    35,94 um    25,45 um  
   1,40 keV   2,266E-03  8,992E-03   89,81 um    38,51 um    27,26 um  
   1,50 keV   2,346E-03  8,832E-03   96,53 um    41,09 um    29,09 um  
   1,60 keV   2,422E-03  8,677E-03  103,32 um    43,66 um    30,92 um  
   1,70 keV   2,497E-03  8,528E-03  110,18 um    46,24 um    32,76 um  
   1,80 keV   2,569E-03  8,384E-03  117,11 um    48,82 um    34,62 um  
   2,00 keV   2,708E-03  8,113E-03  131,17 um    53,97 um    38,36 um  
   2,25 keV   2,873E-03  7,801E-03  149,08 um    60,39 um    43,10 um  
   2,50 keV   3,028E-03  7,516E-03  167,34 um    66,81 um    47,90 um  
   2,75 keV   3,176E-03  7,255E-03  185,92 um    73,21 um    52,74 um  
   3,00 keV   3,317E-03  7,014E-03  204,78 um    79,57 um    57,63 um  
   3,25 keV   3,453E-03  6,792E-03  223,90 um    85,90 um    62,56 um  
   3,50 keV   3,583E-03  6,586E-03  243,25 um    92,19 um    67,52 um  
   3,75 keV   3,709E-03  6,394E-03  262,83 um    98,43 um    72,51 um  
   4,00 keV   3,830E-03  6,216E-03  282,59 um   104,63 um    77,53 um  
   4,50 keV   4,063E-03  5,892E-03  322,68 um   116,86 um    87,65 um  
   5,00 keV   4,282E-03  5,606E-03  363,34 um   128,88 um    97,81 um  
   5,50 keV   4,491E-03  5,352E-03  404,49 um   140,66 um   107,99 um  
   6,00 keV   4,691E-03  5,124E-03  446,03 um   152,20 um   118,17 um  
   6,50 keV   4,883E-03  4,917E-03  487,89 um   163,50 um   128,32 um  
   7,00 keV   5,067E-03  4,730E-03  529,99 um   174,55 um   138,43 um  
   8,00 keV   5,417E-03  4,401E-03  614,77 um   195,98 um   158,52 um  
   9,00 keV   5,745E-03  4,122E-03  699,97 um   216,45 um   178,30 um  
  10,00 keV   6,056E-03  3,882E-03  785,29 um   236,00 um   197,71 um  
  11,00 keV   6,352E-03  3,672E-03  870,54 um   254,67 um   216,71 um  
  12,00 keV   6,634E-03  3,487E-03  955,57 um   272,51 um   235,29 um  
  13,00 keV   6,905E-03  3,323E-03    1,04 mm   289,56 um   253,43 um  
  14,00 keV   7,166E-03  3,175E-03    1,12 mm   305,88 um   271,13 um  
  15,00 keV   7,417E-03  3,042E-03    1,21 mm   321,50 um   288,39 um  
  16,00 keV   7,661E-03  2,921E-03    1,29 mm   336,46 um   305,22 um  
  17,00 keV   7,903E-03  2,811E-03    1,37 mm   350,81 um   321,62 um  
  18,00 keV   8,140E-03  2,710E-03    1,46 mm   364,56 um   337,60 um  
  20,00 keV   8,597E-03  2,531E-03    1,62 mm   390,62 um   368,36 um  
  22,50 keV   9,142E-03  2,342E-03    1,82 mm   420,52 um   404,64 um  
  25,00 keV   9,661E-03  2,183E-03    2,01 mm   447,71 um   438,67 um  
  27,50 keV   1,016E-02  2,046E-03    2,20 mm   472,53 um   470,64 um  
  30,00 keV   1,064E-02  1,927E-03    2,38 mm   495,29 um   500,73 um  
  32,50 keV   1,110E-02  1,823E-03    2,56 mm   516,25 um   529,10 um  
  35,00 keV   1,155E-02  1,731E-03    2,74 mm   535,62 um   555,90 um  
  37,50 keV   1,199E-02  1,649E-03    2,91 mm   553,57 um   581,26 um  
  40,00 keV   1,241E-02  1,575E-03    3,08 mm   570,26 um   605,30 um  
  45,00 keV   1,323E-02  1,448E-03    3,41 mm   601,09 um   649,85 um  
  50,00 keV   1,402E-02  1,342E-03    3,72 mm   628,15 um   690,28 um  
  55,00 keV   1,477E-02  1,251E-03    4,02 mm   652,12 um   727,17 um  
  60,00 keV   1,550E-02  1,174E-03    4,31 mm   673,53 um   761,00 um  
  65,00 keV   1,620E-02  1,106E-03    4,59 mm   692,77 um   792,17 um  
  70,00 keV   1,689E-02  1,046E-03    4,86 mm   710,18 um   821,01 um  
  80,00 keV   1,819E-02  9,463E-04    5,38 mm   742,12 um   872,78 um  
  90,00 keV   1,945E-02  8,653E-04    5,87 mm   769,03 um   918,04 um  
 100,00 keV   2,068E-02  7,982E-04    6,33 mm   792,03 um   958,00 um  
 110,00 keV   2,183E-02  7,417E-04    6,77 mm   811,97 um   993,63 um  
 120,00 keV   2,292E-02  6,933E-04    7,20 mm   829,46 um     1,03 mm  
 130,00 keV   2,395E-02  6,514E-04    7,60 mm   844,99 um     1,05 mm  
 140,00 keV   2,493E-02  6,147E-04    7,99 mm   858,90 um     1,08 mm  
 150,00 keV   2,585E-02  5,822E-04    8,37 mm   871,46 um     1,11 mm  
 160,00 keV   2,673E-02  5,533E-04    8,73 mm   882,89 um     1,13 mm  
 170,00 keV   2,756E-02  5,274E-04    9,09 mm   893,36 um     1,15 mm  
 180,00 keV   2,835E-02  5,040E-04    9,43 mm   903,01 um     1,17 mm  
 200,00 keV   2,981E-02  4,633E-04   10,10 mm   922,59 um     1,20 mm  
 225,00 keV   3,149E-02  4,216E-04   10,89 mm   944,96 um     1,24 mm  
 250,00 keV   3,304E-02  3,872E-04   11,65 mm   964,28 um     1,28 mm  
 275,00 keV   3,451E-02  3,585E-04   12,37 mm   981,23 um     1,31 mm  
 300,00 keV   3,593E-02  3,340E-04   13,07 mm   996,26 um     1,33 mm  
 325,00 keV   3,732E-02  3,129E-04   13,74 mm     1,01 mm     1,36 mm  
 350,00 keV   3,868E-02  2,944E-04   14,39 mm     1,02 mm     1,38 mm  
 375,00 keV   4,001E-02  2,782E-04   15,02 mm     1,03 mm     1,40 mm  
 400,00 keV   4,130E-02  2,638E-04   15,62 mm     1,04 mm     1,42 mm  
 450,00 keV   4,376E-02  2,394E-04   16,78 mm     1,07 mm     1,46 mm  
 500,00 keV   4,605E-02  2,194E-04   17,89 mm     1,09 mm     1,48 mm  
 550,00 keV   4,817E-02  2,026E-04   18,94 mm     1,11 mm     1,51 mm  
 600,00 keV   5,009E-02  1,884E-04   19,95 mm     1,12 mm     1,53 mm  
 650,00 keV   5,183E-02  1,762E-04   20,92 mm     1,14 mm     1,56 mm  
 700,00 keV   5,339E-02  1,656E-04   21,86 mm     1,15 mm     1,57 mm  
 800,00 keV   5,601E-02  1,480E-04   23,68 mm     1,19 mm     1,61 mm  
 900,00 keV   5,802E-02  1,340E-04   25,43 mm     1,22 mm     1,64 mm  
   1,00 MeV   5,951E-02  1,225E-04   27,12 mm     1,25 mm     1,66 mm  
   1,10 MeV   6,057E-02  1,130E-04   28,78 mm     1,28 mm     1,69 mm  
   1,20 MeV   6,127E-02  1,049E-04   30,41 mm     1,31 mm     1,71 mm  
   1,30 MeV   6,167E-02  9,798E-05   32,04 mm     1,33 mm     1,73 mm  
   1,40 MeV   6,184E-02  9,196E-05   33,65 mm     1,36 mm     1,75 mm  
   1,50 MeV   6,181E-02  8,668E-05   35,26 mm     1,38 mm     1,77 mm  
   1,60 MeV   6,163E-02  8,201E-05   36,88 mm     1,40 mm     1,79 mm  
   1,70 MeV   6,125E-02  7,784E-05   38,50 mm     1,43 mm     1,80 mm  
   1,80 MeV   6,078E-02  7,410E-05   40,14 mm     1,45 mm     1,82 mm  
   2,00 MeV   5,963E-02  6,767E-05   43,45 mm     1,53 mm     1,85 mm  
   2,25 MeV   5,797E-02  6,111E-05   47,70 mm     1,65 mm     1,89 mm  
   2,50 MeV   5,618E-02  5,578E-05   52,07 mm     1,77 mm     1,93 mm  
   2,75 MeV   5,436E-02  5,135E-05   56,59 mm     1,89 mm     1,97 mm  
   3,00 MeV   5,257E-02  4,760E-05   61,26 mm     2,01 mm     2,01 mm  
   3,25 MeV   5,084E-02  4,440E-05   66,09 mm     2,13 mm     2,05 mm  
   3,50 MeV   4,918E-02  4,162E-05   71,08 mm     2,25 mm     2,09 mm  
   3,75 MeV   4,760E-02  3,918E-05   76,25 mm     2,38 mm     2,13 mm  
   4,00 MeV   4,610E-02  3,703E-05   81,58 mm     2,50 mm     2,17 mm  
   4,50 MeV   4,331E-02  3,340E-05   92,76 mm     2,97 mm     2,25 mm  
   5,00 MeV   4,081E-02  3,044E-05  104,64 mm     3,43 mm     2,34 mm  
   5,50 MeV   3,855E-02  2,800E-05  117,24 mm     3,88 mm     2,44 mm  
   6,00 MeV   3,652E-02  2,593E-05  130,55 mm     4,32 mm     2,54 mm  
   6,50 MeV   3,469E-02  2,416E-05  144,59 mm     4,77 mm     2,65 mm  
   7,00 MeV   3,304E-02  2,263E-05  159,35 mm     5,22 mm     2,77 mm  
   8,00 MeV   3,016E-02  2,011E-05  191,02 mm     6,90 mm     3,02 mm  
   9,00 MeV   2,776E-02  1,811E-05  225,56 mm     8,48 mm     3,30 mm  
  10,00 MeV   2,574E-02  1,650E-05  262,95 mm    10,02 mm     3,61 mm  
  11,00 MeV   2,400E-02  1,516E-05  303,17 mm    11,55 mm     3,95 mm  
  12,00 MeV   2,250E-02  1,403E-05  346,19 mm    13,08 mm     4,32 mm  
  13,00 MeV   2,118E-02  1,306E-05  391,98 mm    14,63 mm     4,71 mm  
  14,00 MeV   2,002E-02  1,222E-05  440,51 mm    16,19 mm     5,13 mm  
  15,00 MeV   1,900E-02  1,149E-05  491,76 mm    17,77 mm     5,58 mm  
  16,00 MeV   1,807E-02  1,085E-05  545,70 mm    19,37 mm     6,05 mm  
  17,00 MeV   1,734E-02  1,028E-05  602,15 mm    20,99 mm     6,55 mm  
  18,00 MeV   1,662E-02  9,764E-06  661,01 mm    22,62 mm     7,06 mm  
  20,00 MeV   1,527E-02  8,884E-06  786,50 mm    28,82 mm     8,17 mm  
  22,50 MeV   1,395E-02  7,993E-06  957,75 mm    37,74 mm     9,69 mm  
  25,00 MeV   1,286E-02  7,271E-06    1,14 m     46,14 mm    11,34 mm  
  27,50 MeV   1,194E-02  6,674E-06    1,35 m     54,35 mm    13,13 mm  
  30,00 MeV   1,115E-02  6,171E-06    1,56 m     62,49 mm    15,04 mm  
  32,50 MeV   1,047E-02  5,741E-06    1,79 m     70,64 mm    17,08 mm  
  35,00 MeV   9,877E-03  5,370E-06    2,04 m     78,85 mm    19,24 mm  
  37,50 MeV   9,351E-03  5,046E-06    2,30 m     87,13 mm    21,52 mm  
  40,00 MeV   8,883E-03  4,760E-06    2,57 m     95,50 mm    23,91 mm  
  45,00 MeV   8,086E-03  4,279E-06    3,16 m    127,07 mm    29,06 mm  
  50,00 MeV   7,430E-03  3,889E-06    3,81 m    156,68 mm    34,66 mm  
  55,00 MeV   6,881E-03  3,568E-06    4,51 m    185,56 mm    40,70 mm  
  60,00 MeV   6,414E-03  3,297E-06    5,26 m    214,21 mm    47,17 mm  
  65,00 MeV   6,011E-03  3,066E-06    6,07 m    242,91 mm    54,08 mm  
  70,00 MeV   5,660E-03  2,866E-06    6,92 m    271,82 mm    61,40 mm  
  80,00 MeV   5,077E-03  2,538E-06    8,79 m    379,47 mm    77,29 mm  
  90,00 MeV   4,612E-03  2,280E-06   10,85 m    479,68 mm    94,79 mm  
 100,00 MeV   4,231E-03  2,072E-06   13,12 m    577,47 mm   113,87 mm  
 110,00 MeV   3,913E-03  1,899E-06   15,57 m    674,81 mm   134,50 mm  
 120,00 MeV   3,644E-03  1,754E-06   18,22 m    772,66 mm   156,64 mm  
 130,00 MeV   3,412E-03  1,630E-06   21,06 m    871,51 mm   180,26 mm  
 140,00 MeV   3,210E-03  1,524E-06   24,08 m    971,64 mm   205,35 mm  
 150,00 MeV   3,034E-03  1,430E-06   27,28 m      1,07 m    231,87 mm  
 160,00 MeV   2,877E-03  1,348E-06   30,67 m      1,18 m    259,81 mm  
 170,00 MeV   2,737E-03  1,276E-06   34,23 m      1,28 m    289,14 mm  
 180,00 MeV   2,612E-03  1,211E-06   37,97 m      1,39 m    319,85 mm  
 200,00 MeV   2,396E-03  1,099E-06   45,96 m      1,79 m    385,37 mm  
 225,00 MeV   2,176E-03  9,866E-07   56,91 m      2,37 m    474,71 mm  
 250,00 MeV   1,996E-03  8,956E-07   68,91 m      2,92 m    572,09 mm  
 275,00 MeV   1,847E-03  8,205E-07   81,92 m      3,46 m    677,30 mm  
 300,00 MeV   1,721E-03  7,574E-07   95,94 m      3,99 m    790,14 mm  
 325,00 MeV   1,613E-03  7,037E-07  110,95 m      4,52 m    910,41 mm  
 350,00 MeV   1,519E-03  6,573E-07  126,91 m      5,06 m      1,04 m   
 375,00 MeV   1,437E-03  6,168E-07  143,82 m      5,60 m      1,17 m   
 400,00 MeV   1,365E-03  5,812E-07  161,67 m      6,15 m      1,31 m   
 450,00 MeV   1,243E-03  5,214E-07  200,06 m      8,21 m      1,62 m   
 500,00 MeV   1,143E-03  4,731E-07  242,00 m     10,14 m      1,95 m   
 550,00 MeV   1,061E-03  4,333E-07  287,39 m     12,02 m      2,30 m   
 600,00 MeV   9,917E-04  3,998E-07  336,12 m     13,86 m      2,68 m   
 650,00 MeV   9,323E-04  3,713E-07  388,12 m     15,71 m      3,08 m   
 700,00 MeV   8,810E-04  3,467E-07  443,28 m     17,55 m      3,51 m   
 800,00 MeV   7,966E-04  3,064E-07  562,65 m     24,38 m      4,42 m   
 900,00 MeV   7,300E-04  2,748E-07  693,80 m     30,67 m      5,41 m   
   1,00 GeV   6,761E-04  2,492E-07  836,14 m     36,71 m      6,48 m   
-----------------------------------------------------------
 Multiply Stopping by        for Stopping Units
 -------------------        ------------------
  1,0000E-01                 eV / Angstrom 
  1,0000E+00                keV / micron   
  1,0000E+00                MeV / mm       
  3,3103E+01                keV / (ug/cm2) 
  3,3103E+01                MeV / (mg/cm2) 
  3,3103E+04                keV / (mg/cm2) 
  3,4889E+02                 eV / (1E15 atoms/cm2)
  2,2919E+01                L.S.S. reduced units
 ==================================================================
 (C) 1984,1989,1992,1998,2008 by J.P. Biersack and J.F. Ziegler
