 ==================================================================
              SRIM version ---> SRIM-2013.00
              Calc. date   ---> mars 26, 2024 
 ==================================================================

 Disk File Name = SRIM Outputs\8He_He95_butane_600mbar.txt

 Ion = Helium [2] , Mass = 8 amu

 Target Density =  1,6510E-04 g/cm3 = 2,4452E+19 atoms/cm3
 Target is a GAS 
 ======= Target  Composition ========
    Atom   Atom   Atomic    Mass     
    Name   Numb   Percent   Percent  
    ----   ----   -------   -------  
     He      2    057,58    056,68   
      H      1    030,30    007,51   
      C      6    012,12    035,80   
 ====================================
 Bragg Correction = 3,27%
 Stopping Units =  MeV / mm       
 See bottom of Table for other Stopping units 

        Ion        dE/dx      dE/dx     Projected  Longitudinal   Lateral
       Energy      Elec.      Nuclear     Range     Straggling   Straggling
  --------------  ---------- ---------- ----------  ----------  ----------
999,999 eV    1,426E-03  7,326E-03   93,50 um    33,49 um    23,93 um  
   1,10 keV   1,496E-03  7,183E-03  102,88 um    36,45 um    26,00 um  
   1,20 keV   1,562E-03  7,044E-03  112,37 um    39,41 um    28,08 um  
   1,30 keV   1,626E-03  6,909E-03  121,98 um    42,36 um    30,17 um  
   1,40 keV   1,687E-03  6,778E-03  131,70 um    45,32 um    32,26 um  
   1,50 keV   1,747E-03  6,653E-03  141,53 um    48,27 um    34,37 um  
   1,60 keV   1,804E-03  6,532E-03  151,47 um    51,21 um    36,48 um  
   1,70 keV   1,859E-03  6,416E-03  161,51 um    54,15 um    38,61 um  
   1,80 keV   1,913E-03  6,304E-03  171,65 um    57,09 um    40,75 um  
   2,00 keV   2,017E-03  6,092E-03  192,21 um    62,95 um    45,06 um  
   2,25 keV   2,139E-03  5,849E-03  218,42 um    70,25 um    50,51 um  
   2,50 keV   2,255E-03  5,628E-03  245,12 um    77,50 um    56,02 um  
   2,75 keV   2,365E-03  5,425E-03  272,28 um    84,70 um    61,59 um  
   3,00 keV   2,470E-03  5,239E-03  299,84 um    91,83 um    67,20 um  
   3,25 keV   2,571E-03  5,067E-03  327,78 um    98,90 um    72,86 um  
   3,50 keV   2,668E-03  4,909E-03  356,06 um   105,90 um    78,56 um  
   3,75 keV   2,762E-03  4,761E-03  384,64 um   112,82 um    84,29 um  
   4,00 keV   2,852E-03  4,624E-03  413,49 um   119,68 um    90,04 um  
   4,50 keV   3,025E-03  4,375E-03  471,94 um   133,21 um   101,63 um  
   5,00 keV   3,189E-03  4,157E-03  531,19 um   146,43 um   113,25 um  
   5,50 keV   3,344E-03  3,963E-03  591,08 um   159,31 um   124,88 um  
   6,00 keV   3,493E-03  3,789E-03  651,47 um   171,87 um   136,50 um  
   6,50 keV   3,636E-03  3,632E-03  712,25 um   184,11 um   148,06 um  
   7,00 keV   3,773E-03  3,489E-03  773,32 um   196,03 um   159,56 um  
   8,00 keV   4,034E-03  3,241E-03  896,08 um   219,14 um   182,35 um  
   9,00 keV   4,278E-03  3,030E-03    1,02 mm   241,04 um   204,71 um  
  10,00 keV   4,510E-03  2,849E-03    1,14 mm   261,80 um   226,58 um  
  11,00 keV   4,730E-03  2,692E-03    1,26 mm   281,49 um   247,93 um  
  12,00 keV   4,940E-03  2,553E-03    1,39 mm   300,18 um   268,73 um  
  13,00 keV   5,142E-03  2,430E-03    1,51 mm   317,96 um   288,98 um  
  14,00 keV   5,336E-03  2,320E-03    1,63 mm   334,87 um   308,69 um  
  15,00 keV   5,523E-03  2,221E-03    1,75 mm   350,99 um   327,84 um  
  16,00 keV   5,704E-03  2,131E-03    1,87 mm   366,36 um   346,46 um  
  17,00 keV   5,886E-03  2,049E-03    1,98 mm   381,03 um   364,56 um  
  18,00 keV   6,063E-03  1,974E-03    2,10 mm   395,04 um   382,15 um  
  20,00 keV   6,405E-03  1,841E-03    2,33 mm   421,72 um   415,87 um  
  22,50 keV   6,812E-03  1,701E-03    2,61 mm   452,24 um   455,41 um  
  25,00 keV   7,200E-03  1,583E-03    2,88 mm   479,74 um   492,30 um  
  27,50 keV   7,573E-03  1,483E-03    3,14 mm   504,67 um   526,78 um  
  30,00 keV   7,932E-03  1,395E-03    3,40 mm   527,39 um   559,07 um  
  32,50 keV   8,278E-03  1,319E-03    3,65 mm   548,19 um   589,39 um  
  35,00 keV   8,614E-03  1,252E-03    3,90 mm   567,31 um   617,91 um  
  37,50 keV   8,940E-03  1,191E-03    4,14 mm   584,95 um   644,80 um  
  40,00 keV   9,257E-03  1,137E-03    4,37 mm   601,30 um   670,20 um  
  45,00 keV   9,867E-03  1,044E-03    4,82 mm   632,10 um   717,05 um  
  50,00 keV   1,045E-02  9,665E-04    5,26 mm   658,96 um   759,33 um  
  55,00 keV   1,101E-02  9,007E-04    5,67 mm   682,64 um   797,73 um  
  60,00 keV   1,154E-02  8,442E-04    6,07 mm   703,71 um   832,81 um  
  65,00 keV   1,206E-02  7,950E-04    6,46 mm   722,61 um   865,02 um  
  70,00 keV   1,256E-02  7,517E-04    6,83 mm   739,67 um   894,75 um  
  80,00 keV   1,350E-02  6,792E-04    7,54 mm   772,45 um   947,93 um  
  90,00 keV   1,446E-02  6,205E-04    8,21 mm   799,95 um   994,18 um  
 100,00 keV   1,556E-02  5,720E-04    8,84 mm   823,13 um     1,03 mm  
 110,00 keV   1,652E-02  5,311E-04    9,43 mm   842,91 um     1,07 mm  
 120,00 keV   1,740E-02  4,962E-04   10,00 mm   860,13 um     1,10 mm  
 130,00 keV   1,822E-02  4,659E-04   10,53 mm   875,32 um     1,13 mm  
 140,00 keV   1,901E-02  4,394E-04   11,05 mm   888,87 um     1,16 mm  
 150,00 keV   1,975E-02  4,161E-04   11,55 mm   901,08 um     1,18 mm  
 160,00 keV   2,045E-02  3,953E-04   12,03 mm   912,16 um     1,20 mm  
 170,00 keV   2,112E-02  3,766E-04   12,50 mm   922,28 um     1,22 mm  
 180,00 keV   2,176E-02  3,598E-04   12,96 mm   931,58 um     1,24 mm  
 200,00 keV   2,297E-02  3,306E-04   13,83 mm   952,11 um     1,27 mm  
 225,00 keV   2,435E-02  3,006E-04   14,86 mm   976,27 um     1,31 mm  
 250,00 keV   2,565E-02  2,759E-04   15,85 mm   997,05 um     1,34 mm  
 275,00 keV   2,688E-02  2,553E-04   16,78 mm     1,02 mm     1,37 mm  
 300,00 keV   2,807E-02  2,378E-04   17,68 mm     1,03 mm     1,40 mm  
 325,00 keV   2,921E-02  2,227E-04   18,54 mm     1,05 mm     1,42 mm  
 350,00 keV   3,032E-02  2,095E-04   19,37 mm     1,06 mm     1,44 mm  
 375,00 keV   3,140E-02  1,979E-04   20,17 mm     1,07 mm     1,46 mm  
 400,00 keV   3,244E-02  1,876E-04   20,95 mm     1,08 mm     1,47 mm  
 450,00 keV   3,439E-02  1,701E-04   22,43 mm     1,11 mm     1,51 mm  
 500,00 keV   3,621E-02  1,558E-04   23,84 mm     1,14 mm     1,53 mm  
 550,00 keV   3,791E-02  1,439E-04   25,18 mm     1,16 mm     1,55 mm  
 600,00 keV   3,945E-02  1,337E-04   26,46 mm     1,18 mm     1,57 mm  
 650,00 keV   4,084E-02  1,250E-04   27,70 mm     1,19 mm     1,59 mm  
 700,00 keV   4,209E-02  1,175E-04   28,90 mm     1,21 mm     1,61 mm  
 800,00 keV   4,416E-02  1,049E-04   31,21 mm     1,26 mm     1,64 mm  
 900,00 keV   4,575E-02  9,495E-05   33,43 mm     1,31 mm     1,67 mm  
   1,00 MeV   4,691E-02  8,681E-05   35,58 mm     1,35 mm     1,69 mm  
   1,10 MeV   4,772E-02  8,003E-05   37,69 mm     1,38 mm     1,71 mm  
   1,20 MeV   4,823E-02  7,429E-05   39,76 mm     1,42 mm     1,73 mm  
   1,30 MeV   4,851E-02  6,936E-05   41,83 mm     1,45 mm     1,75 mm  
   1,40 MeV   4,859E-02  6,509E-05   43,88 mm     1,48 mm     1,76 mm  
   1,50 MeV   4,852E-02  6,134E-05   45,94 mm     1,52 mm     1,78 mm  
   1,60 MeV   4,833E-02  5,802E-05   48,00 mm     1,55 mm     1,79 mm  
   1,70 MeV   4,766E-02  5,506E-05   50,08 mm     1,58 mm     1,81 mm  
   1,80 MeV   4,693E-02  5,241E-05   52,19 mm     1,61 mm     1,82 mm  
   2,00 MeV   4,536E-02  4,784E-05   56,52 mm     1,73 mm     1,85 mm  
   2,25 MeV   4,333E-02  4,320E-05   62,15 mm     1,91 mm     1,89 mm  
   2,50 MeV   4,132E-02  3,942E-05   68,05 mm     2,09 mm     1,92 mm  
   2,75 MeV   3,940E-02  3,628E-05   74,24 mm     2,27 mm     1,96 mm  
   3,00 MeV   3,758E-02  3,362E-05   80,73 mm     2,46 mm     1,99 mm  
   3,25 MeV   3,590E-02  3,135E-05   87,53 mm     2,64 mm     2,03 mm  
   3,50 MeV   3,439E-02  2,938E-05   94,64 mm     2,83 mm     2,07 mm  
   3,75 MeV   3,300E-02  2,766E-05  102,06 mm     3,03 mm     2,11 mm  
   4,00 MeV   3,171E-02  2,614E-05  109,78 mm     3,22 mm     2,15 mm  
   4,50 MeV   2,941E-02  2,357E-05  126,15 mm     3,98 mm     2,24 mm  
   5,00 MeV   2,743E-02  2,148E-05  143,74 mm     4,71 mm     2,34 mm  
   5,50 MeV   2,572E-02  1,975E-05  162,55 mm     5,42 mm     2,45 mm  
   6,00 MeV   2,422E-02  1,829E-05  182,57 mm     6,12 mm     2,56 mm  
   6,50 MeV   2,291E-02  1,704E-05  203,79 mm     6,83 mm     2,69 mm  
   7,00 MeV   2,174E-02  1,595E-05  226,18 mm     7,54 mm     2,82 mm  
   8,00 MeV   1,975E-02  1,417E-05  274,43 mm    10,19 mm     3,12 mm  
   9,00 MeV   1,811E-02  1,276E-05  327,29 mm    12,66 mm     3,45 mm  
  10,00 MeV   1,675E-02  1,162E-05  384,68 mm    15,06 mm     3,82 mm  
  11,00 MeV   1,559E-02  1,068E-05  446,54 mm    17,44 mm     4,23 mm  
  12,00 MeV   1,459E-02  9,879E-06  512,84 mm    19,83 mm     4,68 mm  
  13,00 MeV   1,371E-02  9,197E-06  583,53 mm    22,23 mm     5,15 mm  
  14,00 MeV   1,294E-02  8,607E-06  658,56 mm    24,66 mm     5,66 mm  
  15,00 MeV   1,226E-02  8,092E-06  737,90 mm    27,13 mm     6,21 mm  
  16,00 MeV   1,165E-02  7,638E-06  821,53 mm    29,63 mm     6,78 mm  
  17,00 MeV   1,116E-02  7,234E-06  909,17 mm    32,15 mm     7,39 mm  
  18,00 MeV   1,067E-02  6,872E-06    1,00 m     34,70 mm     8,02 mm  
  20,00 MeV   9,766E-03  6,252E-06    1,20 m     44,47 mm     9,38 mm  
  22,50 MeV   8,910E-03  5,624E-06    1,46 m     58,51 mm    11,23 mm  
  25,00 MeV   8,202E-03  5,115E-06    1,76 m     71,74 mm    13,26 mm  
  27,50 MeV   7,606E-03  4,694E-06    2,07 m     84,65 mm    15,45 mm  
  30,00 MeV   7,098E-03  4,340E-06    2,41 m     97,46 mm    17,80 mm  
  32,50 MeV   6,659E-03  4,037E-06    2,78 m    110,30 mm    20,30 mm  
  35,00 MeV   6,275E-03  3,776E-06    3,16 m    123,22 mm    22,96 mm  
  37,50 MeV   5,936E-03  3,547E-06    3,57 m    136,27 mm    25,77 mm  
  40,00 MeV   5,635E-03  3,346E-06    4,01 m    149,48 mm    28,72 mm  
  45,00 MeV   5,122E-03  3,007E-06    4,94 m    199,42 mm    35,07 mm  
  50,00 MeV   4,702E-03  2,733E-06    5,95 m    246,29 mm    41,98 mm  
  55,00 MeV   4,350E-03  2,507E-06    7,06 m    292,00 mm    49,45 mm  
  60,00 MeV   4,051E-03  2,316E-06    8,25 m    337,40 mm    57,47 mm  
  65,00 MeV   3,793E-03  2,154E-06    9,53 m    382,90 mm    66,03 mm  
  70,00 MeV   3,569E-03  2,013E-06   10,88 m    428,74 mm    75,12 mm  
  80,00 MeV   3,197E-03  1,783E-06   13,84 m    599,95 mm    94,87 mm  
  90,00 MeV   2,901E-03  1,601E-06   17,13 m    759,37 mm   116,66 mm  
 100,00 MeV   2,659E-03  1,455E-06   20,73 m    915,04 mm   140,44 mm  
-----------------------------------------------------------
 Multiply Stopping by        for Stopping Units
 -------------------        ------------------
  1,0000E-01                 eV / Angstrom 
  1,0000E+00                keV / micron   
  1,0000E+00                MeV / mm       
  6,0571E+01                keV / (ug/cm2) 
  6,0571E+01                MeV / (mg/cm2) 
  6,0571E+04                keV / (mg/cm2) 
  4,0897E+02                 eV / (1E15 atoms/cm2)
  3,0206E+01                L.S.S. reduced units
 ==================================================================
 (C) 1984,1989,1992,1998,2008 by J.P. Biersack and J.F. Ziegler
