 ==================================================================
              SRIM version ---> SRIM-2013.00
              Calc. date   ---> marzo 19, 2024 
 ==================================================================

 Disk File Name = SRIM Outputs\8He_He_CF4_500mb.txt

 Ion = Helium [2] , Mass = 8,033934 amu

 Target Density =  1,6830E-04 g/cm3 = 1,4825E+19 atoms/cm3
 Target is a GAS 
 ======= Target  Composition ========
    Atom   Atom   Atomic    Mass     
    Name   Numb   Percent   Percent  
    ----   ----   -------   -------  
      C      6    004,17    007,33   
      F      9    016,67    046,32   
     He      2    079,16    046,35   
 ====================================
 Bragg Correction = -4,14%
 Stopping Units =  MeV / mm       
 See bottom of Table for other Stopping units 

        Ion        dE/dx      dE/dx     Projected  Longitudinal   Lateral
       Energy      Elec.      Nuclear     Range     Straggling   Straggling
  --------------  ---------- ---------- ----------  ----------  ----------
999,999 eV    1,045E-03  5,149E-03  117,27 um    54,24 um    38,53 um  
   1,10 keV   1,096E-03  5,057E-03  129,00 um    59,13 um    41,95 um  
   1,20 keV   1,145E-03  4,966E-03  140,87 um    64,02 um    45,38 um  
   1,30 keV   1,191E-03  4,878E-03  152,88 um    68,92 um    48,82 um  
   1,40 keV   1,236E-03  4,793E-03  165,02 um    73,83 um    52,28 um  
   1,50 keV   1,280E-03  4,710E-03  177,29 um    78,74 um    55,75 um  
   1,60 keV   1,322E-03  4,630E-03  189,69 um    83,65 um    59,24 um  
   1,70 keV   1,362E-03  4,553E-03  202,21 um    88,56 um    62,75 um  
   1,80 keV   1,402E-03  4,479E-03  214,86 um    93,47 um    66,28 um  
   2,00 keV   1,478E-03  4,338E-03  240,49 um   103,26 um    73,40 um  
   2,25 keV   1,567E-03  4,176E-03  273,15 um   115,48 um    82,40 um  
   2,50 keV   1,652E-03  4,027E-03  306,41 um   127,68 um    91,49 um  
   2,75 keV   1,733E-03  3,890E-03  340,22 um   139,83 um   100,67 um  
   3,00 keV   1,810E-03  3,764E-03  374,53 um   151,92 um   109,92 um  
   3,25 keV   1,884E-03  3,648E-03  409,31 um   163,93 um   119,24 um  
   3,50 keV   1,955E-03  3,539E-03  444,50 um   175,87 um   128,62 um  
   3,75 keV   2,024E-03  3,438E-03  480,08 um   187,72 um   138,05 um  
   4,00 keV   2,090E-03  3,344E-03  516,00 um   199,47 um   147,52 um  
   4,50 keV   2,217E-03  3,173E-03  588,82 um   222,66 um   166,61 um  
   5,00 keV   2,337E-03  3,022E-03  662,67 um   245,44 um   185,77 um  
   5,50 keV   2,451E-03  2,887E-03  737,38 um   267,77 um   204,96 um  
   6,00 keV   2,560E-03  2,766E-03  812,78 um   289,66 um   224,12 um  
   6,50 keV   2,664E-03  2,656E-03  888,74 um   311,07 um   243,23 um  
   7,00 keV   2,765E-03  2,556E-03  965,15 um   332,03 um   262,26 um  
   8,00 keV   2,956E-03  2,381E-03    1,12 mm   372,61 um   300,05 um  
   9,00 keV   3,135E-03  2,232E-03    1,27 mm   411,41 um   337,24 um  
  10,00 keV   3,305E-03  2,103E-03    1,43 mm   448,48 um   373,73 um  
  11,00 keV   3,466E-03  1,991E-03    1,58 mm   483,90 um   409,45 um  
  12,00 keV   3,620E-03  1,892E-03    1,74 mm   517,76 um   444,38 um  
  13,00 keV   3,768E-03  1,803E-03    1,89 mm   550,14 um   478,48 um  
  14,00 keV   3,910E-03  1,724E-03    2,04 mm   581,13 um   511,76 um  
  15,00 keV   4,047E-03  1,652E-03    2,20 mm   610,81 um   544,22 um  
  16,00 keV   4,180E-03  1,587E-03    2,35 mm   639,26 um   575,87 um  
  17,00 keV   4,312E-03  1,528E-03    2,50 mm   666,54 um   606,73 um  
  18,00 keV   4,441E-03  1,474E-03    2,65 mm   692,70 um   636,80 um  
  20,00 keV   4,690E-03  1,377E-03    2,94 mm   742,27 um   694,71 um  
  22,50 keV   4,985E-03  1,275E-03    3,30 mm   799,17 um   763,05 um  
  25,00 keV   5,267E-03  1,189E-03    3,65 mm   850,96 um   827,20 um  
  27,50 keV   5,538E-03  1,115E-03    4,00 mm   898,31 um   887,52 um  
  30,00 keV   5,798E-03  1,051E-03    4,33 mm   941,77 um   944,32 um  
  32,50 keV   6,049E-03  9,943E-04    4,66 mm   981,83 um   997,92 um  
  35,00 keV   6,292E-03  9,444E-04    4,98 mm     1,02 mm     1,05 mm  
  37,50 keV   6,528E-03  8,998E-04    5,30 mm     1,05 mm     1,10 mm  
  40,00 keV   6,758E-03  8,597E-04    5,60 mm     1,09 mm     1,14 mm  
  45,00 keV   7,201E-03  7,905E-04    6,20 mm     1,14 mm     1,23 mm  
  50,00 keV   7,625E-03  7,328E-04    6,77 mm     1,20 mm     1,30 mm  
  55,00 keV   8,032E-03  6,837E-04    7,32 mm     1,24 mm     1,37 mm  
  60,00 keV   8,424E-03  6,414E-04    7,85 mm     1,28 mm     1,44 mm  
  65,00 keV   8,803E-03  6,046E-04    8,37 mm     1,32 mm     1,50 mm  
  70,00 keV   9,170E-03  5,722E-04    8,87 mm     1,35 mm     1,55 mm  
  80,00 keV   9,872E-03  5,177E-04    9,82 mm     1,42 mm     1,65 mm  
  90,00 keV   1,054E-02  4,735E-04   10,72 mm     1,47 mm     1,74 mm  
 100,00 keV   1,121E-02  4,370E-04   11,57 mm     1,51 mm     1,81 mm  
 110,00 keV   1,183E-02  4,061E-04   12,38 mm     1,55 mm     1,88 mm  
 120,00 keV   1,241E-02  3,797E-04   13,16 mm     1,58 mm     1,94 mm  
 130,00 keV   1,296E-02  3,568E-04   13,90 mm     1,61 mm     2,00 mm  
 140,00 keV   1,349E-02  3,368E-04   14,62 mm     1,64 mm     2,05 mm  
 150,00 keV   1,398E-02  3,190E-04   15,32 mm     1,66 mm     2,10 mm  
 160,00 keV   1,446E-02  3,032E-04   15,99 mm     1,69 mm     2,14 mm  
 170,00 keV   1,490E-02  2,891E-04   16,65 mm     1,71 mm     2,18 mm  
 180,00 keV   1,533E-02  2,763E-04   17,29 mm     1,73 mm     2,22 mm  
 200,00 keV   1,612E-02  2,541E-04   18,52 mm     1,76 mm     2,29 mm  
 225,00 keV   1,703E-02  2,312E-04   19,98 mm     1,81 mm     2,36 mm  
 250,00 keV   1,787E-02  2,124E-04   21,38 mm     1,84 mm     2,43 mm  
 275,00 keV   1,866E-02  1,967E-04   22,72 mm     1,88 mm     2,49 mm  
 300,00 keV   1,943E-02  1,833E-04   24,00 mm     1,90 mm     2,54 mm  
 325,00 keV   2,018E-02  1,717E-04   25,24 mm     1,93 mm     2,59 mm  
 350,00 keV   2,091E-02  1,616E-04   26,44 mm     1,95 mm     2,63 mm  
 375,00 keV   2,162E-02  1,527E-04   27,60 mm     1,97 mm     2,67 mm  
 400,00 keV   2,231E-02  1,449E-04   28,72 mm     1,99 mm     2,71 mm  
 450,00 keV   2,362E-02  1,314E-04   30,87 mm     2,04 mm     2,78 mm  
 500,00 keV   2,484E-02  1,205E-04   32,91 mm     2,08 mm     2,83 mm  
 550,00 keV   2,597E-02  1,113E-04   34,86 mm     2,11 mm     2,88 mm  
 600,00 keV   2,699E-02  1,035E-04   36,73 mm     2,14 mm     2,93 mm  
 650,00 keV   2,792E-02  9,682E-05   38,54 mm     2,17 mm     2,97 mm  
 700,00 keV   2,875E-02  9,099E-05   40,29 mm     2,20 mm     3,01 mm  
 800,00 keV   3,014E-02  8,133E-05   43,66 mm     2,27 mm     3,08 mm  
 900,00 keV   3,122E-02  7,364E-05   46,91 mm     2,33 mm     3,13 mm  
   1,00 MeV   3,203E-02  6,735E-05   50,05 mm     2,38 mm     3,19 mm  
   1,10 MeV   3,261E-02  6,212E-05   53,13 mm     2,44 mm     3,23 mm  
   1,20 MeV   3,300E-02  5,769E-05   56,17 mm     2,48 mm     3,28 mm  
   1,30 MeV   3,324E-02  5,388E-05   59,18 mm     2,53 mm     3,32 mm  
   1,40 MeV   3,335E-02  5,057E-05   62,17 mm     2,58 mm     3,35 mm  
   1,50 MeV   3,335E-02  4,767E-05   65,16 mm     2,62 mm     3,39 mm  
   1,60 MeV   3,327E-02  4,511E-05   68,16 mm     2,66 mm     3,43 mm  
   1,70 MeV   3,309E-02  4,282E-05   71,16 mm     2,71 mm     3,46 mm  
   1,80 MeV   3,285E-02  4,077E-05   74,19 mm     2,75 mm     3,49 mm  
   2,00 MeV   3,226E-02  3,723E-05   80,32 mm     2,90 mm     3,56 mm  
   2,25 MeV   3,139E-02  3,363E-05   88,16 mm     3,12 mm     3,63 mm  
   2,50 MeV   3,045E-02  3,070E-05   96,23 mm     3,34 mm     3,71 mm  
   2,75 MeV   2,949E-02  2,826E-05  104,57 mm     3,55 mm     3,78 mm  
   3,00 MeV   2,854E-02  2,620E-05  113,17 mm     3,77 mm     3,86 mm  
   3,25 MeV   2,762E-02  2,444E-05  122,06 mm     3,99 mm     3,93 mm  
   3,50 MeV   2,674E-02  2,291E-05  131,25 mm     4,21 mm     4,01 mm  
   3,75 MeV   2,589E-02  2,157E-05  140,74 mm     4,44 mm     4,09 mm  
   4,00 MeV   2,508E-02  2,039E-05  150,54 mm     4,66 mm     4,17 mm  
   4,50 MeV   2,359E-02  1,839E-05  171,08 mm     5,52 mm     4,33 mm  
   5,00 MeV   2,224E-02  1,676E-05  192,89 mm     6,35 mm     4,51 mm  
   5,50 MeV   2,102E-02  1,542E-05  216,00 mm     7,17 mm     4,69 mm  
   6,00 MeV   1,992E-02  1,428E-05  240,41 mm     7,99 mm     4,89 mm  
   6,50 MeV   1,893E-02  1,331E-05  266,14 mm     8,80 mm     5,10 mm  
   7,00 MeV   1,804E-02  1,246E-05  293,18 mm     9,63 mm     5,33 mm  
   8,00 MeV   1,648E-02  1,108E-05  351,16 mm    12,70 mm     5,81 mm  
   9,00 MeV   1,517E-02  9,979E-06  414,37 mm    15,58 mm     6,35 mm  
  10,00 MeV   1,407E-02  9,088E-06  482,78 mm    18,39 mm     6,94 mm  
  11,00 MeV   1,313E-02  8,350E-06  556,33 mm    21,18 mm     7,59 mm  
  12,00 MeV   1,231E-02  7,728E-06  634,97 mm    23,98 mm     8,28 mm  
  13,00 MeV   1,159E-02  7,196E-06  718,65 mm    26,80 mm     9,03 mm  
  14,00 MeV   1,096E-02  6,736E-06  807,32 mm    29,65 mm     9,84 mm  
  15,00 MeV   1,040E-02  6,334E-06  900,94 mm    32,54 mm    10,69 mm  
  16,00 MeV   9,898E-03  5,979E-06  999,45 mm    35,47 mm    11,59 mm  
  17,00 MeV   9,499E-03  5,663E-06    1,10 m     38,42 mm    12,53 mm  
  18,00 MeV   9,106E-03  5,381E-06    1,21 m     41,39 mm    13,52 mm  
  20,00 MeV   8,367E-03  4,897E-06    1,44 m     52,71 mm    15,63 mm  
  22,50 MeV   7,647E-03  4,406E-06    1,75 m     68,96 mm    18,52 mm  
  25,00 MeV   7,051E-03  4,008E-06    2,09 m     84,28 mm    21,66 mm  
  27,50 MeV   6,549E-03  3,679E-06    2,46 m     99,24 mm    25,05 mm  
  30,00 MeV   6,119E-03  3,402E-06    2,85 m    114,07 mm    28,69 mm  
  32,50 MeV   5,747E-03  3,165E-06    3,28 m    128,92 mm    32,56 mm  
  35,00 MeV   5,422E-03  2,960E-06    3,72 m    143,87 mm    36,66 mm  
  37,50 MeV   5,134E-03  2,782E-06    4,20 m    158,95 mm    40,98 mm  
  40,00 MeV   4,878E-03  2,624E-06    4,70 m    174,20 mm    45,53 mm  
  45,00 MeV   4,442E-03  2,359E-06    5,77 m    231,63 mm    55,29 mm  
  50,00 MeV   4,083E-03  2,145E-06    6,94 m    285,52 mm    65,90 mm  
  55,00 MeV   3,782E-03  1,967E-06    8,22 m    338,05 mm    77,35 mm  
  60,00 MeV   3,526E-03  1,818E-06    9,59 m    390,16 mm    89,62 mm  
  65,00 MeV   3,305E-03  1,691E-06   11,05 m    442,36 mm   102,70 mm  
  70,00 MeV   3,113E-03  1,581E-06   12,61 m    494,93 mm   116,57 mm  
  80,00 MeV   2,793E-03  1,400E-06   16,00 m    690,58 mm   146,65 mm  
  90,00 MeV   2,537E-03  1,258E-06   19,76 m    872,69 mm   179,77 mm  
 100,00 MeV   2,328E-03  1,143E-06   23,87 m      1,05 m    215,87 mm  
 110,00 MeV   2,154E-03  1,048E-06   28,33 m      1,23 m    254,88 mm  
 120,00 MeV   2,006E-03  9,676E-07   33,15 m      1,40 m    296,74 mm  
 130,00 MeV   1,878E-03  8,994E-07   38,30 m      1,58 m    341,40 mm  
 140,00 MeV   1,768E-03  8,405E-07   43,78 m      1,77 m    388,81 mm  
 150,00 MeV   1,671E-03  7,891E-07   49,60 m      1,95 m    438,93 mm  
 160,00 MeV   1,584E-03  7,439E-07   55,75 m      2,14 m    491,72 mm  
 170,00 MeV   1,508E-03  7,037E-07   62,21 m      2,33 m    547,14 mm  
 180,00 MeV   1,439E-03  6,679E-07   69,00 m      2,52 m    605,15 mm  
 200,00 MeV   1,320E-03  6,064E-07   83,51 m      3,26 m    728,88 mm  
 225,00 MeV   1,199E-03  5,443E-07  103,39 m      4,31 m    897,57 mm  
 250,00 MeV   1,100E-03  4,942E-07  125,16 m      5,30 m      1,08 m   
 275,00 MeV   1,018E-03  4,527E-07  148,78 m      6,27 m      1,28 m   
 300,00 MeV   9,486E-04  4,180E-07  174,22 m      7,24 m      1,49 m   
 325,00 MeV   8,892E-04  3,883E-07  201,43 m      8,21 m      1,72 m   
 350,00 MeV   8,376E-04  3,627E-07  230,39 m      9,18 m      1,96 m   
 375,00 MeV   7,925E-04  3,404E-07  261,07 m     10,17 m      2,21 m   
 400,00 MeV   7,526E-04  3,207E-07  293,44 m     11,16 m      2,48 m   
 450,00 MeV   6,853E-04  2,878E-07  363,06 m     14,90 m      3,05 m   
 500,00 MeV   6,306E-04  2,611E-07  439,11 m     18,40 m      3,68 m   
 550,00 MeV   5,852E-04  2,391E-07  521,42 m     21,80 m      4,34 m   
 600,00 MeV   5,470E-04  2,207E-07  609,78 m     25,15 m      5,06 m   
 650,00 MeV   5,143E-04  2,049E-07  704,04 m     28,49 m      5,82 m   
 700,00 MeV   4,860E-04  1,914E-07  804,03 m     31,84 m      6,62 m   
 800,00 MeV   4,395E-04  1,691E-07    1,02 km    44,22 m      8,34 m   
 900,00 MeV   4,028E-04  1,517E-07    1,26 km    55,60 m     10,21 m   
   1,00 GeV   3,731E-04  1,376E-07    1,52 km    66,56 m     12,23 m   
-----------------------------------------------------------
 Multiply Stopping by        for Stopping Units
 -------------------        ------------------
  1,0000E-01                 eV / Angstrom 
  1,0000E+00                keV / micron   
  1,0000E+00                MeV / mm       
  5,9420E+01                keV / (ug/cm2) 
  5,9420E+01                MeV / (mg/cm2) 
  5,9420E+04                keV / (mg/cm2) 
  6,7452E+02                 eV / (1E15 atoms/cm2)
  4,3247E+01                L.S.S. reduced units
 ==================================================================
 (C) 1984,1989,1992,1998,2008 by J.P. Biersack and J.F. Ziegler
