 ==================================================================
              SRIM version ---> SRIM-2013.00
              Calc. date   ---> marzo 19, 2024 
 ==================================================================

 Disk File Name = SRIM Outputs\8He_He_CF4_90_10_1bar.txt

 Ion = Helium [2] , Mass = 8,033934 amu

 Target Density =  5,1560E-04 g/cm3 = 3,5049E+19 atoms/cm3
 Target is a GAS 
 ======= Target  Composition ========
    Atom   Atom   Atomic    Mass     
    Name   Numb   Percent   Percent  
    ----   ----   -------   -------  
      C      6    007,14    009,68   
      F      9    028,57    061,27   
     He      2    064,29    029,05   
 ====================================
 Bragg Correction = -4,14%
 Stopping Units =  MeV / mm       
 See bottom of Table for other Stopping units 

        Ion        dE/dx      dE/dx     Projected  Longitudinal   Lateral
       Energy      Elec.      Nuclear     Range     Straggling   Straggling
  --------------  ---------- ---------- ----------  ----------  ----------
999,999 eV    3,002E-03  1,351E-02   41,37 um    21,80 um    15,53 um  
   1,10 keV   3,149E-03  1,331E-02   45,43 um    23,72 um    16,88 um  
   1,20 keV   3,289E-03  1,311E-02   49,53 um    25,64 um    18,23 um  
   1,30 keV   3,423E-03  1,291E-02   53,67 um    27,55 um    19,57 um  
   1,40 keV   3,552E-03  1,271E-02   57,85 um    29,46 um    20,93 um  
   1,50 keV   3,677E-03  1,252E-02   62,07 um    31,37 um    22,28 um  
   1,60 keV   3,798E-03  1,234E-02   66,32 um    33,28 um    23,64 um  
   1,70 keV   3,915E-03  1,215E-02   70,62 um    35,19 um    25,00 um  
   1,80 keV   4,028E-03  1,198E-02   74,95 um    37,09 um    26,37 um  
   2,00 keV   4,246E-03  1,164E-02   83,72 um    40,87 um    29,12 um  
   2,25 keV   4,504E-03  1,125E-02   94,86 um    45,58 um    32,59 um  
   2,50 keV   4,747E-03  1,089E-02  106,20 um    50,28 um    36,08 um  
   2,75 keV   4,979E-03  1,055E-02  117,70 um    54,94 um    39,58 um  
   3,00 keV   5,200E-03  1,023E-02  129,35 um    59,58 um    43,11 um  
   3,25 keV   5,413E-03  9,940E-03  141,15 um    64,18 um    46,65 um  
   3,50 keV   5,617E-03  9,667E-03  153,08 um    68,75 um    50,21 um  
   3,75 keV   5,814E-03  9,411E-03  165,13 um    73,28 um    53,78 um  
   4,00 keV   6,005E-03  9,171E-03  177,29 um    77,77 um    57,35 um  
   4,50 keV   6,369E-03  8,732E-03  201,91 um    86,60 um    64,55 um  
   5,00 keV   6,714E-03  8,340E-03  226,86 um    95,27 um    71,75 um  
   5,50 keV   7,041E-03  7,989E-03  252,08 um   103,77 um    78,94 um  
   6,00 keV   7,354E-03  7,671E-03  277,52 um   112,10 um    86,12 um  
   6,50 keV   7,655E-03  7,382E-03  303,14 um   120,25 um    93,26 um  
   7,00 keV   7,944E-03  7,118E-03  328,91 um   128,22 um   100,36 um  
   8,00 keV   8,492E-03  6,652E-03  380,80 um   143,64 um   114,45 um  
   9,00 keV   9,007E-03  6,252E-03  432,93 um   158,39 um   128,30 um  
  10,00 keV   9,495E-03  5,906E-03  485,16 um   172,50 um   141,87 um  
  11,00 keV   9,958E-03  5,602E-03  537,38 um   185,99 um   155,16 um  
  12,00 keV   1,040E-02  5,332E-03  589,48 um   198,91 um   168,15 um  
  13,00 keV   1,083E-02  5,092E-03  641,41 um   211,28 um   180,83 um  
  14,00 keV   1,123E-02  4,875E-03  693,10 um   223,13 um   193,21 um  
  15,00 keV   1,163E-02  4,679E-03  744,52 um   234,49 um   205,29 um  
  16,00 keV   1,201E-02  4,500E-03  795,64 um   245,39 um   217,07 um  
  17,00 keV   1,239E-02  4,336E-03  846,42 um   255,85 um   228,56 um  
  18,00 keV   1,275E-02  4,186E-03  896,83 um   265,91 um   239,77 um  
  20,00 keV   1,346E-02  3,919E-03  996,52 um   284,93 um   261,38 um  
  22,50 keV   1,430E-02  3,635E-03    1,12 mm   306,83 um   286,94 um  
  25,00 keV   1,510E-02  3,395E-03    1,24 mm   326,82 um   310,97 um  
  27,50 keV   1,586E-02  3,189E-03    1,36 mm   345,16 um   333,62 um  
  30,00 keV   1,659E-02  3,009E-03    1,47 mm   362,05 um   354,99 um  
  32,50 keV   1,730E-02  2,851E-03    1,58 mm   377,65 um   375,21 um  
  35,00 keV   1,798E-02  2,710E-03    1,69 mm   392,13 um   394,36 um  
  37,50 keV   1,864E-02  2,585E-03    1,80 mm   405,59 um   412,53 um  
  40,00 keV   1,929E-02  2,472E-03    1,91 mm   418,16 um   429,81 um  
  45,00 keV   2,052E-02  2,276E-03    2,11 mm   441,28 um   461,96 um  
  50,00 keV   2,170E-02  2,112E-03    2,31 mm   461,70 um   491,29 um  
  55,00 keV   2,282E-02  1,973E-03    2,50 mm   479,90 um   518,18 um  
  60,00 keV   2,390E-02  1,853E-03    2,69 mm   496,24 um   542,97 um  
  65,00 keV   2,494E-02  1,748E-03    2,86 mm   511,00 um   565,92 um  
  70,00 keV   2,594E-02  1,655E-03    3,04 mm   524,43 um   587,25 um  
  80,00 keV   2,785E-02  1,500E-03    3,37 mm   548,82 um   625,78 um  
  90,00 keV   2,967E-02  1,373E-03    3,69 mm   569,54 um   659,72 um  
 100,00 keV   3,150E-02  1,268E-03    3,99 mm   587,37 um   689,90 um  
 110,00 keV   3,319E-02  1,180E-03    4,27 mm   602,89 um   716,96 um  
 120,00 keV   3,478E-02  1,104E-03    4,55 mm   616,57 um   741,43 um  
 130,00 keV   3,628E-02  1,038E-03    4,81 mm   628,77 um   763,74 um  
 140,00 keV   3,771E-02  9,802E-04    5,07 mm   639,74 um   784,19 um  
 150,00 keV   3,906E-02  9,291E-04    5,32 mm   649,67 um   803,07 um  
 160,00 keV   4,035E-02  8,835E-04    5,56 mm   658,73 um   820,56 um  
 170,00 keV   4,158E-02  8,426E-04    5,79 mm   667,04 um   836,86 um  
 180,00 keV   4,276E-02  8,056E-04    6,02 mm   674,71 um   852,10 um  
 200,00 keV   4,497E-02  7,414E-04    6,46 mm   689,76 um   879,89 um  
 225,00 keV   4,750E-02  6,752E-04    6,98 mm   706,70 um   910,47 um  
 250,00 keV   4,986E-02  6,208E-04    7,48 mm   721,32 um   937,40 um  
 275,00 keV   5,209E-02  5,751E-04    7,95 mm   734,12 um   961,42 um  
 300,00 keV   5,422E-02  5,362E-04    8,41 mm   745,46 um   983,04 um  
 325,00 keV   5,628E-02  5,026E-04    8,86 mm   755,62 um     1,00 mm  
 350,00 keV   5,826E-02  4,732E-04    9,29 mm   764,79 um     1,02 mm  
 375,00 keV   6,017E-02  4,474E-04    9,70 mm   773,12 um     1,04 mm  
 400,00 keV   6,202E-02  4,244E-04   10,10 mm   780,75 um     1,05 mm  
 450,00 keV   6,550E-02  3,854E-04   10,88 mm   797,93 um     1,08 mm  
 500,00 keV   6,871E-02  3,534E-04   11,61 mm   812,82 um     1,10 mm  
 550,00 keV   7,167E-02  3,266E-04   12,31 mm   825,94 um     1,12 mm  
 600,00 keV   7,437E-02  3,039E-04   12,99 mm   837,66 um     1,14 mm  
 650,00 keV   7,681E-02  2,843E-04   13,65 mm   848,27 um     1,16 mm  
 700,00 keV   7,901E-02  2,673E-04   14,28 mm   857,99 um     1,18 mm  
 800,00 keV   8,274E-02  2,391E-04   15,51 mm   883,83 um     1,21 mm  
 900,00 keV   8,568E-02  2,166E-04   16,69 mm   906,62 um     1,23 mm  
   1,00 MeV   8,794E-02  1,982E-04   17,84 mm   927,24 um     1,25 mm  
   1,10 MeV   8,963E-02  1,828E-04   18,96 mm   946,28 um     1,27 mm  
   1,20 MeV   9,084E-02  1,698E-04   20,06 mm   964,13 um     1,29 mm  
   1,30 MeV   9,165E-02  1,587E-04   21,15 mm   981,09 um     1,31 mm  
   1,40 MeV   9,213E-02  1,490E-04   22,24 mm   997,36 um     1,32 mm  
   1,50 MeV   9,233E-02  1,405E-04   23,32 mm     1,01 mm     1,34 mm  
   1,60 MeV   9,231E-02  1,329E-04   24,40 mm     1,03 mm     1,35 mm  
   1,70 MeV   9,195E-02  1,262E-04   25,48 mm     1,04 mm     1,37 mm  
   1,80 MeV   9,143E-02  1,202E-04   26,57 mm     1,06 mm     1,38 mm  
   2,00 MeV   9,006E-02  1,098E-04   28,76 mm     1,11 mm     1,41 mm  
   2,25 MeV   8,795E-02  9,921E-05   31,57 mm     1,19 mm     1,44 mm  
   2,50 MeV   8,560E-02  9,059E-05   34,44 mm     1,26 mm     1,47 mm  
   2,75 MeV   8,314E-02  8,342E-05   37,40 mm     1,34 mm     1,50 mm  
   3,00 MeV   8,066E-02  7,737E-05   40,45 mm     1,41 mm     1,54 mm  
   3,25 MeV   7,823E-02  7,217E-05   43,59 mm     1,49 mm     1,57 mm  
   3,50 MeV   7,588E-02  6,767E-05   46,83 mm     1,56 mm     1,60 mm  
   3,75 MeV   7,361E-02  6,373E-05   50,17 mm     1,64 mm     1,63 mm  
   4,00 MeV   7,144E-02  6,024E-05   53,61 mm     1,72 mm     1,66 mm  
   4,50 MeV   6,735E-02  5,435E-05   60,82 mm     2,01 mm     1,73 mm  
   5,00 MeV   6,364E-02  4,957E-05   68,45 mm     2,29 mm     1,80 mm  
   5,50 MeV   6,026E-02  4,559E-05   76,51 mm     2,57 mm     1,87 mm  
   6,00 MeV   5,721E-02  4,224E-05   85,02 mm     2,85 mm     1,95 mm  
   6,50 MeV   5,443E-02  3,937E-05   93,97 mm     3,13 mm     2,04 mm  
   7,00 MeV   5,191E-02  3,688E-05  103,37 mm     3,41 mm     2,13 mm  
   8,00 MeV   4,751E-02  3,279E-05  123,50 mm     4,47 mm     2,32 mm  
   9,00 MeV   4,382E-02  2,954E-05  145,40 mm     5,46 mm     2,53 mm  
  10,00 MeV   4,069E-02  2,691E-05  169,07 mm     6,43 mm     2,76 mm  
  11,00 MeV   3,799E-02  2,473E-05  194,49 mm     7,39 mm     3,01 mm  
  12,00 MeV   3,566E-02  2,289E-05  221,64 mm     8,35 mm     3,28 mm  
  13,00 MeV   3,362E-02  2,132E-05  250,51 mm     9,32 mm     3,57 mm  
  14,00 MeV   3,181E-02  1,996E-05  281,07 mm    10,30 mm     3,88 mm  
  15,00 MeV   3,021E-02  1,877E-05  313,31 mm    11,30 mm     4,21 mm  
  16,00 MeV   2,877E-02  1,772E-05  347,22 mm    12,30 mm     4,56 mm  
  17,00 MeV   2,762E-02  1,679E-05  382,67 mm    13,32 mm     4,92 mm  
  18,00 MeV   2,649E-02  1,595E-05  419,62 mm    14,34 mm     5,30 mm  
  20,00 MeV   2,436E-02  1,452E-05  498,33 mm    18,21 mm     6,11 mm  
  22,50 MeV   2,229E-02  1,307E-05  605,57 mm    23,78 mm     7,22 mm  
  25,00 MeV   2,058E-02  1,189E-05  722,24 mm    29,02 mm     8,43 mm  
  27,50 MeV   1,913E-02  1,091E-05  848,19 mm    34,14 mm     9,73 mm  
  30,00 MeV   1,789E-02  1,009E-05  983,25 mm    39,21 mm    11,12 mm  
  32,50 MeV   1,682E-02  9,393E-06    1,13 m     44,28 mm    12,60 mm  
  35,00 MeV   1,588E-02  8,787E-06    1,28 m     49,38 mm    14,16 mm  
  37,50 MeV   1,504E-02  8,257E-06    1,44 m     54,53 mm    15,81 mm  
  40,00 MeV   1,430E-02  7,791E-06    1,61 m     59,73 mm    17,55 mm  
  45,00 MeV   1,303E-02  7,005E-06    1,98 m     79,27 mm    21,26 mm  
  50,00 MeV   1,199E-02  6,369E-06    2,38 m     97,59 mm    25,30 mm  
  55,00 MeV   1,112E-02  5,843E-06    2,81 m    115,45 mm    29,65 mm  
  60,00 MeV   1,037E-02  5,401E-06    3,28 m    133,16 mm    34,30 mm  
  65,00 MeV   9,726E-03  5,023E-06    3,77 m    150,90 mm    39,26 mm  
  70,00 MeV   9,165E-03  4,696E-06    4,30 m    168,74 mm    44,51 mm  
  80,00 MeV   8,230E-03  4,160E-06    5,46 m    235,06 mm    55,90 mm  
  90,00 MeV   7,483E-03  3,738E-06    6,73 m    296,77 mm    68,42 mm  
 100,00 MeV   6,870E-03  3,396E-06    8,12 m    356,95 mm    82,05 mm  
 110,00 MeV   6,359E-03  3,114E-06    9,64 m    416,83 mm    96,76 mm  
 120,00 MeV   5,925E-03  2,877E-06   11,26 m    476,99 mm   112,54 mm  
 130,00 MeV   5,551E-03  2,674E-06   13,01 m    537,75 mm   129,36 mm  
 140,00 MeV   5,226E-03  2,499E-06   14,86 m    599,27 mm   147,21 mm  
 150,00 MeV   4,940E-03  2,347E-06   16,83 m    661,66 mm   166,07 mm  
 160,00 MeV   4,687E-03  2,213E-06   18,91 m    724,96 mm   185,92 mm  
 170,00 MeV   4,461E-03  2,093E-06   21,10 m    789,21 mm   206,76 mm  
 180,00 MeV   4,258E-03  1,987E-06   23,39 m    854,41 mm   228,55 mm  
 200,00 MeV   3,908E-03  1,804E-06   28,29 m      1,10 m    275,02 mm  
 225,00 MeV   3,551E-03  1,620E-06   35,00 m      1,46 m    338,33 mm  
 250,00 MeV   3,260E-03  1,471E-06   42,35 m      1,79 m    407,27 mm  
 275,00 MeV   3,018E-03  1,347E-06   50,31 m      2,12 m    481,70 mm  
 300,00 MeV   2,814E-03  1,244E-06   58,89 m      2,45 m    561,47 mm  
 325,00 MeV   2,638E-03  1,156E-06   68,06 m      2,77 m    646,45 mm  
 350,00 MeV   2,486E-03  1,080E-06   77,82 m      3,10 m    736,51 mm  
 375,00 MeV   2,352E-03  1,013E-06   88,16 m      3,43 m    831,53 mm  
 400,00 MeV   2,234E-03  9,549E-07   99,06 m      3,77 m    931,41 mm  
 450,00 MeV   2,035E-03  8,568E-07  122,51 m      5,03 m      1,15 m   
 500,00 MeV   1,873E-03  7,776E-07  148,11 m      6,20 m      1,38 m   
 550,00 MeV   1,739E-03  7,122E-07  175,81 m      7,35 m      1,63 m   
 600,00 MeV   1,626E-03  6,572E-07  205,53 m      8,48 m      1,89 m   
 650,00 MeV   1,529E-03  6,104E-07  237,24 m      9,60 m      2,18 m   
 700,00 MeV   1,445E-03  5,701E-07  270,87 m     10,72 m      2,48 m   
 800,00 MeV   1,307E-03  5,039E-07  343,61 m     14,88 m      3,12 m   
 900,00 MeV   1,199E-03  4,519E-07  423,50 m     18,71 m      3,82 m   
   1,00 GeV   1,110E-03  4,099E-07  510,17 m     22,39 m      4,57 m   
-----------------------------------------------------------
 Multiply Stopping by        for Stopping Units
 -------------------        ------------------
  1,0000E-01                 eV / Angstrom 
  1,0000E+00                keV / micron   
  1,0000E+00                MeV / mm       
  1,9396E+01                keV / (ug/cm2) 
  1,9396E+01                MeV / (mg/cm2) 
  1,9396E+04                keV / (mg/cm2) 
  2,8531E+02                 eV / (1E15 atoms/cm2)
  1,7004E+01                L.S.S. reduced units
 ==================================================================
 (C) 1984,1989,1992,1998,2008 by J.P. Biersack and J.F. Ziegler
