 ==================================================================
              SRIM version ---> SRIM-2013.00
              Calc. date   ---> mars 26, 2024 
 ==================================================================

 Disk File Name = SRIM Outputs\8He_He97_butane_700mbar.txt

 Ion = Helium [2] , Mass = 8 amu

 Target Density =  1,6160E-04 g/cm3 = 2,4042E+19 atoms/cm3
 Target is a GAS 
 ======= Target  Composition ========
    Atom   Atom   Atomic    Mass     
    Name   Numb   Percent   Percent  
    ----   ----   -------   -------  
     He      2    069,79    069,01   
      H      1    021,58    005,37   
      C      6    008,63    025,61   
 ====================================
 Bragg Correction = 3,27%
 Stopping Units =  MeV / mm       
 See bottom of Table for other Stopping units 

        Ion        dE/dx      dE/dx     Projected  Longitudinal   Lateral
       Energy      Elec.      Nuclear     Range     Straggling   Straggling
  --------------  ---------- ---------- ----------  ----------  ----------
999,999 eV    1,366E-03  7,158E-03   96,20 um    33,36 um    23,86 um  
   1,10 keV   1,433E-03  7,011E-03  105,95 um    36,33 um    25,95 um  
   1,20 keV   1,497E-03  6,867E-03  115,82 um    39,30 um    28,05 um  
   1,30 keV   1,558E-03  6,729E-03  125,83 um    42,26 um    30,16 um  
   1,40 keV   1,617E-03  6,597E-03  135,96 um    45,23 um    32,27 um  
   1,50 keV   1,673E-03  6,469E-03  146,21 um    48,19 um    34,40 um  
   1,60 keV   1,728E-03  6,346E-03  156,58 um    51,15 um    36,55 um  
   1,70 keV   1,781E-03  6,229E-03  167,06 um    54,10 um    38,70 um  
   1,80 keV   1,833E-03  6,116E-03  177,65 um    57,05 um    40,87 um  
   2,00 keV   1,932E-03  5,903E-03  199,15 um    62,95 um    45,24 um  
   2,25 keV   2,049E-03  5,660E-03  226,56 um    70,30 um    50,79 um  
   2,50 keV   2,160E-03  5,439E-03  254,53 um    77,60 um    56,40 um  
   2,75 keV   2,266E-03  5,238E-03  282,99 um    84,84 um    62,07 um  
   3,00 keV   2,366E-03  5,053E-03  311,90 um    92,02 um    67,79 um  
   3,25 keV   2,463E-03  4,883E-03  341,22 um    99,14 um    73,57 um  
   3,50 keV   2,556E-03  4,726E-03  370,90 um   106,19 um    79,39 um  
   3,75 keV   2,646E-03  4,581E-03  400,92 um   113,16 um    85,24 um  
   4,00 keV   2,732E-03  4,446E-03  431,23 um   120,06 um    91,12 um  
   4,50 keV   2,898E-03  4,202E-03  492,67 um   133,71 um   102,96 um  
   5,00 keV   3,055E-03  3,988E-03  554,98 um   147,02 um   114,84 um  
   5,50 keV   3,204E-03  3,798E-03  617,98 um   160,00 um   126,74 um  
   6,00 keV   3,346E-03  3,628E-03  681,52 um   172,65 um   138,61 um  
   6,50 keV   3,483E-03  3,475E-03  745,49 um   184,97 um   150,44 um  
   7,00 keV   3,615E-03  3,337E-03  809,78 um   196,97 um   162,20 um  
   8,00 keV   3,864E-03  3,095E-03  939,00 um   220,26 um   185,49 um  
   9,00 keV   4,098E-03  2,891E-03    1,07 mm   242,31 um   208,34 um  
  10,00 keV   4,320E-03  2,716E-03    1,20 mm   263,19 um   230,68 um  
  11,00 keV   4,531E-03  2,564E-03    1,33 mm   282,98 um   252,47 um  
  12,00 keV   4,732E-03  2,431E-03    1,46 mm   301,76 um   273,69 um  
  13,00 keV   4,926E-03  2,312E-03    1,58 mm   319,60 um   294,34 um  
  14,00 keV   5,112E-03  2,206E-03    1,71 mm   336,57 um   314,41 um  
  15,00 keV   5,291E-03  2,111E-03    1,84 mm   352,73 um   333,92 um  
  16,00 keV   5,465E-03  2,024E-03    1,96 mm   368,13 um   352,88 um  
  17,00 keV   5,639E-03  1,946E-03    2,08 mm   382,83 um   371,29 um  
  18,00 keV   5,810E-03  1,874E-03    2,21 mm   396,84 um   389,17 um  
  20,00 keV   6,139E-03  1,747E-03    2,45 mm   423,58 um   423,42 um  
  22,50 keV   6,531E-03  1,613E-03    2,74 mm   454,15 um   463,54 um  
  25,00 keV   6,906E-03  1,500E-03    3,02 mm   481,65 um   500,92 um  
  27,50 keV   7,266E-03  1,404E-03    3,30 mm   506,54 um   535,81 um  
  30,00 keV   7,613E-03  1,321E-03    3,57 mm   529,19 um   568,45 um  
  32,50 keV   7,948E-03  1,248E-03    3,84 mm   549,90 um   599,05 um  
  35,00 keV   8,274E-03  1,184E-03    4,09 mm   568,91 um   627,81 um  
  37,50 keV   8,590E-03  1,127E-03    4,34 mm   586,44 um   654,89 um  
  40,00 keV   8,899E-03  1,075E-03    4,59 mm   602,65 um   680,45 um  
  45,00 keV   9,493E-03  9,866E-04    5,06 mm   633,31 um   727,51 um  
  50,00 keV   1,006E-02  9,129E-04    5,51 mm   659,98 um   769,89 um  
  55,00 keV   1,061E-02  8,504E-04    5,94 mm   683,45 um   808,31 um  
  60,00 keV   1,114E-02  7,967E-04    6,36 mm   704,28 um   843,33 um  
  65,00 keV   1,165E-02  7,501E-04    6,76 mm   722,92 um   875,43 um  
  70,00 keV   1,214E-02  7,091E-04    7,15 mm   739,72 um   905,00 um  
  80,00 keV   1,308E-02  6,403E-04    7,88 mm   772,19 um   957,74 um  
  90,00 keV   1,402E-02  5,848E-04    8,58 mm   799,35 um     1,00 mm  
 100,00 keV   1,504E-02  5,388E-04    9,23 mm   822,27 um     1,04 mm  
 110,00 keV   1,596E-02  5,002E-04    9,84 mm   841,86 um     1,08 mm  
 120,00 keV   1,681E-02  4,672E-04   10,43 mm   858,91 um     1,11 mm  
 130,00 keV   1,761E-02  4,386E-04   10,99 mm   873,97 um     1,14 mm  
 140,00 keV   1,836E-02  4,136E-04   11,52 mm   887,39 um     1,16 mm  
 150,00 keV   1,908E-02  3,915E-04   12,04 mm   899,48 um     1,19 mm  
 160,00 keV   1,976E-02  3,719E-04   12,54 mm   910,46 um     1,21 mm  
 170,00 keV   2,040E-02  3,543E-04   13,03 mm   920,49 um     1,23 mm  
 180,00 keV   2,101E-02  3,384E-04   13,50 mm   929,73 um     1,25 mm  
 200,00 keV   2,215E-02  3,108E-04   14,40 mm   950,45 um     1,28 mm  
 225,00 keV   2,346E-02  2,825E-04   15,48 mm   975,06 um     1,32 mm  
 250,00 keV   2,468E-02  2,593E-04   16,50 mm   996,28 um     1,35 mm  
 275,00 keV   2,584E-02  2,399E-04   17,47 mm     1,01 mm     1,38 mm  
 300,00 keV   2,696E-02  2,234E-04   18,41 mm     1,03 mm     1,40 mm  
 325,00 keV   2,806E-02  2,091E-04   19,30 mm     1,05 mm     1,42 mm  
 350,00 keV   2,912E-02  1,967E-04   20,17 mm     1,06 mm     1,44 mm  
 375,00 keV   3,016E-02  1,858E-04   21,00 mm     1,07 mm     1,46 mm  
 400,00 keV   3,117E-02  1,761E-04   21,81 mm     1,08 mm     1,48 mm  
 450,00 keV   3,309E-02  1,597E-04   23,35 mm     1,11 mm     1,51 mm  
 500,00 keV   3,487E-02  1,462E-04   24,82 mm     1,14 mm     1,53 mm  
 550,00 keV   3,653E-02  1,350E-04   26,21 mm     1,16 mm     1,56 mm  
 600,00 keV   3,804E-02  1,255E-04   27,54 mm     1,18 mm     1,58 mm  
 650,00 keV   3,940E-02  1,173E-04   28,82 mm     1,20 mm     1,59 mm  
 700,00 keV   4,062E-02  1,102E-04   30,07 mm     1,22 mm     1,61 mm  
 800,00 keV   4,263E-02  9,840E-05   32,46 mm     1,27 mm     1,64 mm  
 900,00 keV   4,416E-02  8,902E-05   34,76 mm     1,32 mm     1,66 mm  
   1,00 MeV   4,526E-02  8,138E-05   36,99 mm     1,36 mm     1,69 mm  
   1,10 MeV   4,601E-02  7,501E-05   39,17 mm     1,40 mm     1,71 mm  
   1,20 MeV   4,646E-02  6,962E-05   41,33 mm     1,44 mm     1,73 mm  
   1,30 MeV   4,668E-02  6,500E-05   43,47 mm     1,47 mm     1,74 mm  
   1,40 MeV   4,671E-02  6,098E-05   45,61 mm     1,50 mm     1,76 mm  
   1,50 MeV   4,659E-02  5,747E-05   47,75 mm     1,54 mm     1,78 mm  
   1,60 MeV   4,636E-02  5,435E-05   49,90 mm     1,57 mm     1,79 mm  
   1,70 MeV   4,575E-02  5,158E-05   52,06 mm     1,60 mm     1,81 mm  
   1,80 MeV   4,509E-02  4,909E-05   54,26 mm     1,64 mm     1,82 mm  
   2,00 MeV   4,366E-02  4,481E-05   58,76 mm     1,76 mm     1,85 mm  
   2,25 MeV   4,177E-02  4,045E-05   64,61 mm     1,95 mm     1,88 mm  
   2,50 MeV   3,990E-02  3,691E-05   70,73 mm     2,14 mm     1,92 mm  
   2,75 MeV   3,808E-02  3,396E-05   77,14 mm     2,33 mm     1,95 mm  
   3,00 MeV   3,637E-02  3,148E-05   83,85 mm     2,52 mm     1,99 mm  
   3,25 MeV   3,477E-02  2,935E-05   90,87 mm     2,72 mm     2,02 mm  
   3,50 MeV   3,333E-02  2,750E-05   98,21 mm     2,91 mm     2,06 mm  
   3,75 MeV   3,199E-02  2,589E-05  105,86 mm     3,11 mm     2,10 mm  
   4,00 MeV   3,074E-02  2,446E-05  113,83 mm     3,32 mm     2,14 mm  
   4,50 MeV   2,852E-02  2,205E-05  130,71 mm     4,10 mm     2,23 mm  
   5,00 MeV   2,661E-02  2,010E-05  148,85 mm     4,84 mm     2,32 mm  
   5,50 MeV   2,495E-02  1,847E-05  168,24 mm     5,58 mm     2,43 mm  
   6,00 MeV   2,350E-02  1,711E-05  188,88 mm     6,31 mm     2,54 mm  
   6,50 MeV   2,222E-02  1,594E-05  210,75 mm     7,03 mm     2,66 mm  
   7,00 MeV   2,108E-02  1,492E-05  233,84 mm     7,77 mm     2,79 mm  
   8,00 MeV   1,915E-02  1,326E-05  283,60 mm    10,50 mm     3,08 mm  
   9,00 MeV   1,756E-02  1,194E-05  338,12 mm    13,05 mm     3,41 mm  
  10,00 MeV   1,623E-02  1,087E-05  397,33 mm    15,53 mm     3,77 mm  
  11,00 MeV   1,510E-02  9,982E-06  461,18 mm    17,98 mm     4,17 mm  
  12,00 MeV   1,413E-02  9,236E-06  529,61 mm    20,44 mm     4,60 mm  
  13,00 MeV   1,328E-02  8,598E-06  602,58 mm    22,93 mm     5,06 mm  
  14,00 MeV   1,254E-02  8,047E-06  680,04 mm    25,44 mm     5,56 mm  
  15,00 MeV   1,188E-02  7,565E-06  761,97 mm    27,98 mm     6,09 mm  
  16,00 MeV   1,128E-02  7,139E-06  848,32 mm    30,56 mm     6,66 mm  
  17,00 MeV   1,081E-02  6,761E-06  938,81 mm    33,16 mm     7,25 mm  
  18,00 MeV   1,034E-02  6,423E-06    1,03 m     35,79 mm     7,87 mm  
  20,00 MeV   9,468E-03  5,843E-06    1,24 m     45,86 mm     9,19 mm  
  22,50 MeV   8,634E-03  5,256E-06    1,51 m     60,35 mm    11,01 mm  
  25,00 MeV   7,945E-03  4,780E-06    1,81 m     74,00 mm    12,99 mm  
  27,50 MeV   7,366E-03  4,386E-06    2,14 m     87,33 mm    15,13 mm  
  30,00 MeV   6,872E-03  4,055E-06    2,49 m    100,56 mm    17,43 mm  
  32,50 MeV   6,445E-03  3,772E-06    2,87 m    113,82 mm    19,89 mm  
  35,00 MeV   6,073E-03  3,527E-06    3,27 m    127,18 mm    22,49 mm  
  37,50 MeV   5,744E-03  3,314E-06    3,69 m    140,67 mm    25,24 mm  
  40,00 MeV   5,451E-03  3,126E-06    4,14 m    154,32 mm    28,13 mm  
  45,00 MeV   4,954E-03  2,809E-06    5,10 m    205,98 mm    34,35 mm  
  50,00 MeV   4,546E-03  2,553E-06    6,15 m    254,46 mm    41,13 mm  
  55,00 MeV   4,205E-03  2,342E-06    7,30 m    301,75 mm    48,46 mm  
  60,00 MeV   3,916E-03  2,163E-06    8,53 m    348,72 mm    56,33 mm  
  65,00 MeV   3,666E-03  2,012E-06    9,85 m    395,80 mm    64,73 mm  
  70,00 MeV   3,449E-03  1,880E-06   11,25 m    443,25 mm    73,66 mm  
  80,00 MeV   3,089E-03  1,665E-06   14,32 m    620,51 mm    93,04 mm  
  90,00 MeV   2,802E-03  1,495E-06   17,71 m    785,58 mm   114,44 mm  
 100,00 MeV   2,568E-03  1,358E-06   21,44 m    946,78 mm   137,80 mm  
-----------------------------------------------------------
 Multiply Stopping by        for Stopping Units
 -------------------        ------------------
  1,0000E-01                 eV / Angstrom 
  1,0000E+00                keV / micron   
  1,0000E+00                MeV / mm       
  6,1883E+01                keV / (ug/cm2) 
  6,1883E+01                MeV / (mg/cm2) 
  6,1883E+04                keV / (mg/cm2) 
  4,1594E+02                 eV / (1E15 atoms/cm2)
  3,1299E+01                L.S.S. reduced units
 ==================================================================
 (C) 1984,1989,1992,1998,2008 by J.P. Biersack and J.F. Ziegler
