 ==================================================================
              SRIM version ---> SRIM-2013.00
              Calc. date   ---> avril 03, 2024 
 ==================================================================

 Disk File Name = SRIM Outputs\8He_He97_butane_900mbar.txt

 Ion = Helium [2] , Mass = 8 amu

 Target Density =  2,0780E-04 g/cm3 = 3,0915E+19 atoms/cm3
 Target is a GAS 
 ======= Target  Composition ========
    Atom   Atom   Atomic    Mass     
    Name   Numb   Percent   Percent  
    ----   ----   -------   -------  
      H      1    021,58    005,37   
      C      6    008,63    025,61   
     He      2    069,79    069,01   
 ====================================
 Bragg Correction = 3,27%
 Stopping Units =  MeV / mm       
 See bottom of Table for other Stopping units 

        Ion        dE/dx      dE/dx     Projected  Longitudinal   Lateral
       Energy      Elec.      Nuclear     Range     Straggling   Straggling
  --------------  ---------- ---------- ----------  ----------  ----------
999,999 eV    1,757E-03  9,205E-03   74,81 um    25,94 um    18,56 um  
   1,10 keV   1,843E-03  9,015E-03   82,39 um    28,25 um    20,18 um  
   1,20 keV   1,924E-03  8,831E-03   90,07 um    30,56 um    21,81 um  
   1,30 keV   2,003E-03  8,653E-03   97,85 um    32,87 um    23,45 um  
   1,40 keV   2,079E-03  8,482E-03  105,73 um    35,17 um    25,10 um  
   1,50 keV   2,152E-03  8,318E-03  113,70 um    37,48 um    26,76 um  
   1,60 keV   2,222E-03  8,161E-03  121,77 um    39,78 um    28,42 um  
   1,70 keV   2,291E-03  8,010E-03  129,92 um    42,07 um    30,10 um  
   1,80 keV   2,357E-03  7,864E-03  138,15 um    44,37 um    31,78 um  
   2,00 keV   2,484E-03  7,591E-03  154,87 um    48,96 um    35,18 um  
   2,25 keV   2,635E-03  7,278E-03  176,19 um    54,67 um    39,49 um  
   2,50 keV   2,778E-03  6,994E-03  197,94 um    60,35 um    43,86 um  
   2,75 keV   2,913E-03  6,735E-03  220,07 um    65,98 um    48,27 um  
   3,00 keV   3,043E-03  6,498E-03  242,55 um    71,56 um    52,72 um  
   3,25 keV   3,167E-03  6,279E-03  265,35 um    77,10 um    57,21 um  
   3,50 keV   3,287E-03  6,077E-03  288,44 um    82,58 um    61,74 um  
   3,75 keV   3,402E-03  5,890E-03  311,78 um    88,00 um    66,29 um  
   4,00 keV   3,514E-03  5,716E-03  335,36 um    93,37 um    70,86 um  
   4,50 keV   3,727E-03  5,403E-03  383,14 um   103,98 um    80,07 um  
   5,00 keV   3,928E-03  5,128E-03  431,59 um   114,33 um    89,31 um  
   5,50 keV   4,120E-03  4,883E-03  480,58 um   124,43 um    98,56 um  
   6,00 keV   4,303E-03  4,665E-03  530,00 um   134,27 um   107,80 um  
   6,50 keV   4,479E-03  4,469E-03  579,75 um   143,85 um   116,99 um  
   7,00 keV   4,648E-03  4,291E-03  629,74 um   153,18 um   126,14 um  
   8,00 keV   4,969E-03  3,980E-03  730,23 um   171,29 um   144,25 um  
   9,00 keV   5,270E-03  3,718E-03  830,98 um   188,44 um   162,02 um  
  10,00 keV   5,555E-03  3,493E-03  931,66 um   204,67 um   179,39 um  
  11,00 keV   5,826E-03  3,297E-03    1,03 mm   220,07 um   196,33 um  
  12,00 keV   6,085E-03  3,125E-03    1,13 mm   234,67 um   212,84 um  
  13,00 keV   6,334E-03  2,973E-03    1,23 mm   248,55 um   228,90 um  
  14,00 keV   6,573E-03  2,837E-03    1,33 mm   261,74 um   244,51 um  
  15,00 keV   6,804E-03  2,714E-03    1,43 mm   274,31 um   259,68 um  
  16,00 keV   7,027E-03  2,603E-03    1,52 mm   286,29 um   274,42 um  
  17,00 keV   7,251E-03  2,502E-03    1,62 mm   297,71 um   288,74 um  
  18,00 keV   7,470E-03  2,410E-03    1,72 mm   308,61 um   302,65 um  
  20,00 keV   7,894E-03  2,246E-03    1,90 mm   329,41 um   329,28 um  
  22,50 keV   8,398E-03  2,074E-03    2,13 mm   353,18 um   360,48 um  
  25,00 keV   8,881E-03  1,929E-03    2,35 mm   374,57 um   389,55 um  
  27,50 keV   9,343E-03  1,806E-03    2,57 mm   393,92 um   416,68 um  
  30,00 keV   9,789E-03  1,699E-03    2,78 mm   411,54 um   442,06 um  
  32,50 keV   1,022E-02  1,605E-03    2,98 mm   427,64 um   465,86 um  
  35,00 keV   1,064E-02  1,522E-03    3,18 mm   442,42 um   488,23 um  
  37,50 keV   1,105E-02  1,449E-03    3,38 mm   456,05 um   509,29 um  
  40,00 keV   1,144E-02  1,383E-03    3,57 mm   468,66 um   529,16 um  
  45,00 keV   1,221E-02  1,269E-03    3,93 mm   492,50 um   565,76 um  
  50,00 keV   1,294E-02  1,174E-03    4,28 mm   513,25 um   598,72 um  
  55,00 keV   1,364E-02  1,094E-03    4,62 mm   531,50 um   628,60 um  
  60,00 keV   1,432E-02  1,025E-03    4,94 mm   547,70 um   655,83 um  
  65,00 keV   1,498E-02  9,645E-04    5,26 mm   562,20 um   680,80 um  
  70,00 keV   1,561E-02  9,118E-04    5,56 mm   575,26 um   703,79 um  
  80,00 keV   1,682E-02  8,234E-04    6,13 mm   600,51 um   744,81 um  
  90,00 keV   1,803E-02  7,519E-04    6,67 mm   621,63 um   780,37 um  
 100,00 keV   1,934E-02  6,929E-04    7,18 mm   639,45 um   811,42 um  
 110,00 keV   2,052E-02  6,432E-04    7,65 mm   654,69 um   838,77 um  
 120,00 keV   2,162E-02  6,007E-04    8,11 mm   667,95 um   863,15 um  
 130,00 keV   2,264E-02  5,640E-04    8,54 mm   679,66 um   885,08 um  
 140,00 keV   2,361E-02  5,318E-04    8,96 mm   690,10 um   904,98 um  
 150,00 keV   2,453E-02  5,034E-04    9,36 mm   699,50 um   923,14 um  
 160,00 keV   2,540E-02  4,782E-04    9,75 mm   708,04 um   939,83 um  
 170,00 keV   2,623E-02  4,555E-04   10,13 mm   715,84 um   955,24 um  
 180,00 keV   2,702E-02  4,351E-04   10,50 mm   723,02 um   969,56 um  
 200,00 keV   2,849E-02  3,997E-04   11,20 mm   739,14 um   995,39 um  
 225,00 keV   3,017E-02  3,633E-04   12,04 mm   758,28 um     1,02 mm  
 250,00 keV   3,173E-02  3,335E-04   12,83 mm   774,78 um     1,05 mm  
 275,00 keV   3,323E-02  3,085E-04   13,59 mm   789,24 um     1,07 mm  
 300,00 keV   3,467E-02  2,872E-04   14,31 mm   802,06 um     1,09 mm  
 325,00 keV   3,608E-02  2,689E-04   15,01 mm   813,55 um     1,11 mm  
 350,00 keV   3,745E-02  2,530E-04   15,68 mm   823,91 um     1,12 mm  
 375,00 keV   3,879E-02  2,389E-04   16,33 mm   833,32 um     1,14 mm  
 400,00 keV   4,008E-02  2,265E-04   16,96 mm   841,93 um     1,15 mm  
 450,00 keV   4,255E-02  2,053E-04   18,16 mm   865,49 um     1,17 mm  
 500,00 keV   4,484E-02  1,880E-04   19,30 mm   885,80 um     1,19 mm  
 550,00 keV   4,698E-02  1,736E-04   20,38 mm   903,63 um     1,21 mm  
 600,00 keV   4,892E-02  1,614E-04   21,42 mm   919,53 um     1,23 mm  
 650,00 keV   5,067E-02  1,508E-04   22,42 mm   933,92 um     1,24 mm  
 700,00 keV   5,223E-02  1,417E-04   23,38 mm   947,09 um     1,25 mm  
 800,00 keV   5,482E-02  1,265E-04   25,24 mm   988,32 um     1,28 mm  
 900,00 keV   5,678E-02  1,145E-04   27,03 mm     1,02 mm     1,29 mm  
   1,00 MeV   5,820E-02  1,046E-04   28,76 mm     1,06 mm     1,31 mm  
   1,10 MeV   5,916E-02  9,645E-05   30,46 mm     1,09 mm     1,33 mm  
   1,20 MeV   5,975E-02  8,953E-05   32,14 mm     1,12 mm     1,34 mm  
   1,30 MeV   6,003E-02  8,358E-05   33,81 mm     1,14 mm     1,36 mm  
   1,40 MeV   6,007E-02  7,842E-05   35,47 mm     1,17 mm     1,37 mm  
   1,50 MeV   5,991E-02  7,390E-05   37,13 mm     1,20 mm     1,38 mm  
   1,60 MeV   5,961E-02  6,989E-05   38,80 mm     1,22 mm     1,39 mm  
   1,70 MeV   5,884E-02  6,633E-05   40,49 mm     1,25 mm     1,40 mm  
   1,80 MeV   5,798E-02  6,313E-05   42,20 mm     1,27 mm     1,41 mm  
   2,00 MeV   5,614E-02  5,762E-05   45,70 mm     1,37 mm     1,44 mm  
   2,25 MeV   5,372E-02  5,202E-05   50,25 mm     1,52 mm     1,46 mm  
   2,50 MeV   5,130E-02  4,746E-05   55,00 mm     1,66 mm     1,49 mm  
   2,75 MeV   4,897E-02  4,367E-05   59,99 mm     1,81 mm     1,52 mm  
   3,00 MeV   4,677E-02  4,048E-05   65,21 mm     1,96 mm     1,54 mm  
   3,25 MeV   4,472E-02  3,774E-05   70,67 mm     2,11 mm     1,57 mm  
   3,50 MeV   4,286E-02  3,536E-05   76,38 mm     2,27 mm     1,60 mm  
   3,75 MeV   4,113E-02  3,329E-05   82,33 mm     2,42 mm     1,63 mm  
   4,00 MeV   3,953E-02  3,145E-05   88,52 mm     2,58 mm     1,67 mm  
   4,50 MeV   3,668E-02  2,836E-05  101,65 mm     3,19 mm     1,73 mm  
   5,00 MeV   3,422E-02  2,584E-05  115,75 mm     3,77 mm     1,81 mm  
   5,50 MeV   3,208E-02  2,376E-05  130,84 mm     4,34 mm     1,89 mm  
   6,00 MeV   3,022E-02  2,200E-05  146,89 mm     4,90 mm     1,98 mm  
   6,50 MeV   2,857E-02  2,049E-05  163,90 mm     5,47 mm     2,07 mm  
   7,00 MeV   2,711E-02  1,919E-05  181,85 mm     6,04 mm     2,17 mm  
   8,00 MeV   2,462E-02  1,704E-05  220,55 mm     8,17 mm     2,40 mm  
   9,00 MeV   2,258E-02  1,535E-05  262,95 mm    10,15 mm     2,65 mm  
  10,00 MeV   2,087E-02  1,397E-05  308,99 mm    12,07 mm     2,93 mm  
  11,00 MeV   1,942E-02  1,284E-05  358,65 mm    13,98 mm     3,24 mm  
  12,00 MeV   1,817E-02  1,188E-05  411,86 mm    15,90 mm     3,58 mm  
  13,00 MeV   1,708E-02  1,106E-05  468,61 mm    17,83 mm     3,94 mm  
  14,00 MeV   1,612E-02  1,035E-05  528,85 mm    19,78 mm     4,33 mm  
  15,00 MeV   1,527E-02  9,727E-06  592,56 mm    21,76 mm     4,74 mm  
  16,00 MeV   1,451E-02  9,180E-06  659,71 mm    23,76 mm     5,18 mm  
  17,00 MeV   1,390E-02  8,695E-06  730,09 mm    25,79 mm     5,64 mm  
  18,00 MeV   1,330E-02  8,260E-06  803,61 mm    27,83 mm     6,12 mm  
  20,00 MeV   1,217E-02  7,514E-06  960,77 mm    35,67 mm     7,15 mm  
  22,50 MeV   1,110E-02  6,758E-06    1,18 m     46,93 mm     8,56 mm  
  25,00 MeV   1,022E-02  6,146E-06    1,41 m     57,55 mm    10,10 mm  
  27,50 MeV   9,472E-03  5,640E-06    1,66 m     67,91 mm    11,77 mm  
  30,00 MeV   8,837E-03  5,214E-06    1,94 m     78,20 mm    13,56 mm  
  32,50 MeV   8,288E-03  4,850E-06    2,23 m     88,52 mm    15,46 mm  
  35,00 MeV   7,809E-03  4,536E-06    2,54 m     98,90 mm    17,49 mm  
  37,50 MeV   7,386E-03  4,261E-06    2,87 m    109,39 mm    19,63 mm  
  40,00 MeV   7,010E-03  4,020E-06    3,22 m    120,01 mm    21,88 mm  
  45,00 MeV   6,370E-03  3,613E-06    3,96 m    160,18 mm    26,72 mm  
  50,00 MeV   5,846E-03  3,283E-06    4,78 m    197,88 mm    31,99 mm  
  55,00 MeV   5,407E-03  3,011E-06    5,67 m    234,66 mm    37,69 mm  
  60,00 MeV   5,035E-03  2,782E-06    6,63 m    271,19 mm    43,81 mm  
  65,00 MeV   4,714E-03  2,587E-06    7,66 m    307,81 mm    50,34 mm  
  70,00 MeV   4,435E-03  2,418E-06    8,75 m    344,70 mm    57,28 mm  
  80,00 MeV   3,972E-03  2,141E-06   11,13 m    482,55 mm    72,36 mm  
  90,00 MeV   3,604E-03  1,923E-06   13,78 m    610,92 mm    89,00 mm  
 100,00 MeV   3,302E-03  1,747E-06   16,67 m    736,28 mm   107,16 mm  
-----------------------------------------------------------
 Multiply Stopping by        for Stopping Units
 -------------------        ------------------
  1,0000E-01                 eV / Angstrom 
  1,0000E+00                keV / micron   
  1,0000E+00                MeV / mm       
  4,8125E+01                keV / (ug/cm2) 
  4,8125E+01                MeV / (mg/cm2) 
  4,8125E+04                keV / (mg/cm2) 
  3,2347E+02                 eV / (1E15 atoms/cm2)
  2,4341E+01                L.S.S. reduced units
 ==================================================================
 (C) 1984,1989,1992,1998,2008 by J.P. Biersack and J.F. Ziegler
