0 0 0 0 
0.999   8.863E-03  2.392E-02   21.99   
   1.10   9.296E-03  2.318E-02   24.38   
   1.20   9.709E-03  2.249E-02   26.82   
   1.30   1.011E-02  2.184E-02   29.28   
   1.40   1.049E-02  2.124E-02   31.78   
   1.50   1.086E-02  2.067E-02   34.31   
   1.60   1.121E-02  2.014E-02   36.86   
   1.70   1.156E-02  1.964E-02   39.43   
   1.80   1.189E-02  1.916E-02   42.03   
   2.00   1.253E-02  1.829E-02   47.29   
   2.25   1.329E-02  1.733E-02   53.96   
   2.50   1.401E-02  1.648E-02   60.72   
   2.75   1.470E-02  1.572E-02   67.54   
   3.00   1.535E-02  1.504E-02   74.42   
   3.25   1.598E-02  1.442E-02   81.34   
   3.50   1.658E-02  1.386E-02   88.29   
   3.75   1.716E-02  1.335E-02   95.26   
   4.00   1.773E-02  1.288E-02  102.24   
   4.50   1.880E-02  1.205E-02  116.22   
   5.00   1.982E-02  1.134E-02  130.18   
   5.50   2.079E-02  1.072E-02  144.09   
   6.00   2.171E-02  1.017E-02  157.93   
   6.50   2.260E-02  9.682E-03  171.69   
   7.00   2.345E-02  9.246E-03  185.33   
   8.00   2.507E-02  8.496E-03  212.30   
   9.00   2.667E-02  7.873E-03  238.76   
  10.00   2.820E-02  7.346E-03  264.64   
  11.00   2.967E-02  6.894E-03  289.96   
  12.00   3.109E-02  6.500E-03  314.72   
  13.00   3.247E-02  6.155E-03  338.93   
  14.00   3.380E-02  5.848E-03  362.62   
  15.00   3.510E-02  5.574E-03  385.78   
  16.00   3.637E-02  5.328E-03  408.46   
  17.00   3.762E-02  5.105E-03  430.66   
  18.00   3.884E-02  4.902E-03  452.40   
  20.00   4.121E-02  4.546E-03  494.59   
  22.50   4.406E-02  4.174E-03  545.07   
  25.00   4.681E-02  3.865E-03  593.28   
  27.50   4.948E-02  3.602E-03  639.42   
  30.00   5.208E-02  3.376E-03  683.69   
  32.50   5.461E-02  3.180E-03  726.25   
  35.00   5.707E-02  3.007E-03  767.25   
  37.50   5.949E-02  2.854E-03  806.82   
  40.00   6.184E-02  2.717E-03  845.07   
  45.00   6.641E-02  2.483E-03  918.02   
  50.00   7.077E-02  2.289E-03  986.80   
  55.00   7.494E-02  2.126E-03    1.05   
  60.00   7.890E-02  1.986E-03    1.11   
  65.00   8.266E-02  1.865E-03    1.17   
  70.00   8.622E-02  1.759E-03    1.23   
  80.00   9.271E-02  1.583E-03    1.34   
  90.00   9.844E-02  1.441E-03    1.44   
 100.00   1.035E-01  1.324E-03    1.54   
 110.00   1.082E-01  1.226E-03    1.63   
 120.00   1.125E-01  1.143E-03    1.72   
 130.00   1.166E-01  1.071E-03    1.80   
 140.00   1.207E-01  1.008E-03    1.89   
 150.00   1.247E-01  9.526E-04    1.97   
 160.00   1.287E-01  9.035E-04    2.05   
 170.00   1.326E-01  8.596E-04    2.12   
 180.00   1.366E-01  8.201E-04    2.19   
 200.00   1.443E-01  7.517E-04    2.34   
 225.00   1.536E-01  6.817E-04    2.50   
 250.00   1.624E-01  6.244E-04    2.66   
 275.00   1.704E-01  5.766E-04    2.81   
 300.00   1.778E-01  5.361E-04    2.95   
 325.00   1.844E-01  5.012E-04    3.09   
 350.00   1.903E-01  4.709E-04    3.22   
 375.00   1.954E-01  4.442E-04    3.35   
 400.00   1.999E-01  4.206E-04    3.48   
 450.00   2.071E-01  3.806E-04    3.72   
 500.00   2.121E-01  3.480E-04    3.96   
 550.00   2.153E-01  3.208E-04    4.19   
 600.00   2.170E-01  2.978E-04    4.42   
 650.00   2.176E-01  2.781E-04    4.65   
 700.00   2.172E-01  2.610E-04    4.88   
 800.00   2.144E-01  2.327E-04    5.34   
 900.00   2.098E-01  2.102E-04    5.81   
   1000   2.043E-01  1.919E-04    6.30   
   1100   1.982E-01  1.767E-04    6.79   
   1200   1.920E-01  1.638E-04    7.30   
   1300   1.859E-01  1.528E-04    7.83   
   1400   1.798E-01  1.432E-04    8.38   
   1500   1.740E-01  1.349E-04    8.94   
   1600   1.685E-01  1.275E-04    9.53   
   1700   1.632E-01  1.209E-04   10.13   
   1800   1.581E-01  1.150E-04   10.75   
   2000   1.489E-01  1.048E-04   12.06   
   2250   1.386E-01  9.453E-05   13.79   
   2500   1.296E-01  8.616E-05   15.66   
   2750   1.217E-01  7.922E-05   17.65   
   3000   1.148E-01  7.336E-05   19.76   
   3250   1.086E-01  6.835E-05   22.00   
   3500   1.031E-01  6.401E-05   24.36   
   3750   9.812E-02  6.021E-05   26.85   
   4000   9.364E-02  5.686E-05   29.45   
   4500   8.586E-02  5.121E-05   35.03   
   5000   7.934E-02  4.663E-05   41.09   
   5500   7.379E-02  4.284E-05   47.62   
   6000   6.902E-02  3.964E-05   54.62   
   6500   6.486E-02  3.690E-05   62.09   
   7000   6.120E-02  3.454E-05   70.03   
   8000   5.506E-02  3.065E-05   87.25   
   9000   5.055E-02  2.758E-05  106.20   
  10000   4.633E-02  2.509E-05  126.86   
  11000   4.296E-02  2.303E-05  149.27   
  12000   4.009E-02  2.130E-05  173.36   
  13000   3.760E-02  1.981E-05  199.11   
  14000   3.543E-02  1.853E-05  226.49   
  15000   3.352E-02  1.742E-05  255.50   
  16000   3.181E-02  1.643E-05  286.12   
  17000   3.029E-02  1.556E-05  318.33   
  18000   2.891E-02  1.477E-05  352.11   
  20000   2.653E-02  1.343E-05  424.30   
  22500   2.410E-02  1.207E-05  523.16   
  25000   2.210E-02  1.097E-05  631.48   
  27500   2.043E-02  1.006E-05  749.12   
  30000   1.902E-02  9.298E-06  875.93   
  32500   1.780E-02  8.645E-06    1.01   
  35000   1.674E-02  8.082E-06    1.16   
  37500   1.581E-02  7.590E-06    1.31   
  40000   1.498E-02  7.157E-06    1.47   
  45000   1.359E-02  6.428E-06    1.82   
  50000   1.244E-02  5.839E-06    2.21   
  55000   1.150E-02  5.352E-06    2.63   
  60000   1.069E-02  4.943E-06    3.08   
  65000   1.000E-02  4.594E-06    3.56   
  70000   9.403E-03  4.293E-06    4.08   
  80000   8.413E-03  3.799E-06    5.20   
  90000   7.628E-03  3.410E-06    6.45   
 100000   6.989E-03  3.096E-06    7.82   
